eta1	kappa_k	kappa	sig	lam	mup	sigp	rsmax	n	alpha	alpha1	alpha2	betam1	gamma
1.04269	1.64864	1.01568	0.66271	0.83944	1.87819	1.67491	0.64351	1.23337	0.00871	5.78687	0.92383	0.00395	1.59219
1.47884	5.31451	0.97662	0.38642	0.74854	2.44189	0.31409	0.63779	1.19847	0.00735	4.02587	1.33620	0.00592	1.37672
1.67912	1.13732	1.02886	0.22682	0.73921	3.97134	0.94383	0.51983	1.95522	0.00471	1.05980	1.03912	0.00132	0.37987
1.28939	0.92241	1.00443	0.45584	0.52268	4.53294	2.27049	0.91732	1.86651	0.00168	5.53169	0.43762	0.00182	0.18495
1.30257	0.66452	1.01983	0.29542	0.37980	0.19748	0.39601	0.54193	6.79878	0.01012	1.42809	0.49630	0.00542	1.46770
1.27878	1.56930	1.00520	0.39248	0.82468	1.62752	0.99480	0.78574	7.89224	0.00425	5.81166	0.10549	0.00172	0.41211
1.09179	0.72926	1.01417	0.41342	0.73314	2.64693	3.96328	0.83394	1.03393	0.01092	7.29368	0.28210	0.00619	0.52226
2.00000	0.69945	0.97175	0.26095	0.95000	2.60853	2.52634	0.01000	1.98631	0.00000	9.11083	0.01000	0.01672	0.56590
1.73505	0.51772	0.99278	0.55804	0.83215	1.12822	0.89102	0.92507	2.09216	0.02119	3.15999	0.72189	0.00471	1.67147
1.65699	1.34359	1.03388	0.28292	0.58625	1.32892	0.82704	0.24756	1.52583	0.02214	2.52708	1.38027	0.01034	1.46752
1.77082	1.00009	1.02254	0.17347	0.45172	1.18054	0.47141	0.41766	3.64100	0.00820	5.93640	1.85847	0.00745	0.40369
1.61729	0.55193	1.01799	0.14242	0.64931	1.03921	0.49461	0.53281	3.29963	0.01704	4.29193	0.70006	0.00645	1.47899
1.08979	0.52590	0.98178	0.29439	0.78261	1.79490	0.71994	0.79862	2.49608	0.04651	4.21888	0.69605	0.01228	1.23526
0.71644	2.71585	0.95000	0.30502	0.31367	4.00266	2.32391	0.57053	1.03266	0.00000	3.05774	0.25057	0.00005	0.33053
1.29721	0.61957	0.97986	0.64854	0.27600	1.15401	1.11042	0.74149	5.92387	0.02087	2.32461	0.52669	0.00351	0.97195
1.60200	0.90486	1.01980	0.53467	0.46747	0.12393	0.72363	0.90639	1.61415	0.02960	1.69354	1.33572	0.01857	1.17960
1.46246	2.04880	0.96423	0.41657	0.40390	1.85700	1.45716	0.34796	1.46246	0.01419	6.42577	0.28158	0.00458	1.72841
0.96824	0.75770	0.97548	0.33344	0.43858	1.17618	2.45629	0.91432	3.32035	0.01111	2.83842	0.29855	0.00262	0.46836
1.03146	0.65787	0.99273	0.40315	0.34237	1.51818	0.71395	0.67869	6.36515	0.00083	7.81053	0.85749	0.00358	0.60659
1.77441	0.52870	1.01113	0.30073	0.47572	0.92230	2.07875	0.95063	6.48296	0.00657	4.32226	0.40620	0.00200	1.19296
1.80816	5.63303	0.98380	0.25292	0.50106	0.70660	1.72314	0.75617	4.68020	0.00560	6.57900	1.56822	0.00290	0.56271
1.87597	0.84286	1.01045	0.38127	0.62690	1.35207	0.43455	0.46173	2.13186	0.00537	1.36710	0.52485	0.00254	1.91364
0.87932	1.43248	1.05000	0.40596	0.37356	0.34526	0.59728	0.79928	6.70992	0.00000	2.86819	0.01273	0.00126	0.61139
1.74756	2.00842	1.02285	0.18336	0.64589	1.05435	3.40231	0.96391	1.85254	0.00775	2.42468	0.15267	0.00132	0.33121
1.78366	3.55289	1.03204	0.80924	0.82981	3.47885	3.67774	0.93825	2.16281	0.00322	0.91388	1.14533	0.02064	0.87539
1.17767	0.56801	1.02964	0.31776	0.55495	1.67432	3.47182	0.82912	1.38398	0.01426	1.90303	0.23365	0.00202	1.05106
1.65368	1.33481	0.97519	0.18567	0.58545	1.43421	2.01886	0.75540	3.60778	0.00452	3.55280	1.05490	0.00568	0.72031
0.91452	0.67043	0.99296	0.51537	0.93900	2.11771	0.92248	0.47999	1.89511	0.01941	4.71286	0.79098	0.00728	0.22546
1.08194	1.69077	0.99881	0.34402	0.46976	0.71628	1.54736	0.55024	1.71822	0.00819	7.86428	1.35663	0.00774	1.32245
1.50949	0.65008	1.01051	0.02056	0.60404	3.16351	3.30419	0.85129	1.85294	0.01853	4.67588	0.06843	0.02079	1.31350
1.14046	0.59115	1.01502	0.40055	0.68145	1.26869	1.84687	0.83247	2.42413	0.00000	1.99670	1.03326	0.00409	0.44825
1.30523	0.95473	0.98920	0.18234	0.35953	0.63814	1.33299	0.76257	5.20905	0.00261	4.28267	0.95493	0.00487	0.34663
1.78330	1.50998	0.98683	0.23845	0.64875	0.38755	3.43432	0.80354	2.30619	0.02070	3.24253	0.15828	0.00624	0.72275
1.26877	0.56034	0.98981	0.42216	0.50889	0.28996	0.65548	0.53857	6.10890	0.01320	0.89072	0.21707	0.00458	1.92180
1.13889	0.61518	0.99048	0.12739	0.60769	0.41976	1.38574	0.96663	1.30324	0.00537	7.79906	0.41486	0.00546	0.59797
1.60270	1.36496	0.95107	0.39924	0.43912	1.81697	0.53878	0.38078	2.95358	0.00609	5.57281	0.31201	0.00542	1.42793
1.94263	1.30299	1.01956	0.31496	0.82530	1.27787	1.96792	0.43897	1.85207	0.02663	1.90859	0.22442	0.00676	0.44749
1.02172	0.63314	1.01520	0.90140	0.91754	1.21111	0.16169	0.95540	8.00569	0.01311	3.61573	0.79713	0.00785	1.01368
1.51813	1.34626	0.99338	0.71904	0.54624	1.20622	0.40362	0.48315	2.59794	0.00859	3.65171	0.23736	0.00472	1.90149
0.70753	1.83827	1.04988	0.20474	0.38323	3.12335	2.09724	0.55761	5.62424	0.00146	6.39497	0.32076	0.00310	0.38359
1.85467	0.96269	1.01474	0.93480	0.33152	3.36388	4.75692	0.11493	1.72713	0.01462	6.02771	0.90279	0.00600	1.50733
1.85102	0.51840	1.00848	0.30155	0.32459	4.58918	3.11715	0.13981	3.02126	0.01096	3.08880	0.65523	0.00446	0.19258
1.92382	0.52117	0.98336	0.33840	0.70697	1.24089	0.10000	0.57201	2.61386	0.00000	9.60734	0.97461	0.00311	0.54167
