%eta1	kappa_k	kappa	sig	lam	mup	sigp	rsmax	n	alpha	alpha1	alpha2	betam1	gamma
1.61957	0.50352	1.00759	0.30665	0.55251	0.60809	0.87351	0.92497	7.43649	0.04998	7.44627	0.19770	0.00459	0.81099
1.67912	1.13732	1.02886	0.22682	0.73921	3.97134	0.94383	0.51983	1.95522	0.00471	1.05980	1.03912	0.00132	0.37987
1.96011	0.62153	0.95202	0.26040	0.48465	0.96471	0.80610	0.34672	5.71616	0.00036	2.60625	0.18524	0.00454	0.72372
1.17767	0.56801	1.02964	0.31776	0.55495	1.67432	3.47182	0.82912	1.38398	0.01426	1.90303	0.23365	0.00202	1.05106
1.02172	0.63314	1.01520	0.90140	0.91754	1.21111	0.16169	0.95540	8.00569	0.01311	3.61573	0.79713	0.00785	1.01368
1.66944	1.76717	1.00469	0.16409	0.58356	4.53475	0.95625	0.81691	2.61209	0.00247	3.69086	1.95534	0.00208	0.53591
1.77082	1.00009	1.02254	0.17347	0.45172	1.18054	0.47141	0.41766	3.64100	0.00820	5.93640	1.85847	0.00745	0.40369
1.65699	1.34359	1.03388	0.28292	0.58625	1.32892	0.82704	0.24756	1.52583	0.02214	2.52708	1.38027	0.01034	1.46752
1.69730	0.50413	0.98580	0.13188	0.19210	4.98045	4.92621	0.57414	1.00597	0.00168	1.86803	0.99724	0.02855	0.89452
1.67458	0.82858	1.04040	0.41130	0.33352	3.22698	0.67451	0.32323	1.64682	0.00385	2.74454	0.50488	0.00453	1.00690
1.46246	2.04880	0.96423	0.41657	0.40390	1.85700	1.45716	0.34796	1.46246	0.01419	6.42577	0.28158	0.00458	1.72841
1.80816	5.63303	0.98380	0.25292	0.50106	0.70660	1.72314	0.75617	4.68020	0.00560	6.57900	1.56822	0.00290	0.56271
1.28154	0.52560	0.98259	0.44533	0.77898	0.82919	1.03618	0.97575	5.60466	0.01200	5.17971	1.67705	0.00437	1.87799
1.08194	1.69077	0.99881	0.34402	0.46976	0.71628	1.54736	0.55024	1.71822	0.00819	7.86428	1.35663	0.00774	1.32245
1.04824	1.00735	1.01392	0.28953	0.49076	1.48901	1.42712	0.60240	1.29470	0.00740	9.27148	1.51383	0.00192	1.24902
1.60200	0.90486	1.01980	0.53467	0.46747	0.12393	0.72363	0.90639	1.61415	0.02960	1.69354	1.33572	0.01857	1.17960
1.47884	5.31451	0.97662	0.38642	0.74854	2.44189	0.31409	0.63779	1.19847	0.00735	4.02587	1.33620	0.00592	1.37672
0.87932	1.43248	1.05000	0.40596	0.37356	0.34526	0.59728	0.79928	6.70992	0.00000	2.86819	0.01273	0.00126	0.61139
1.39192	1.51206	0.98398	0.51017	0.41474	1.33200	2.82711	0.88837	1.70159	0.02039	7.13684	1.09715	0.00479	1.48719
1.08979	0.52590	0.98178	0.29439	0.78261	1.79490	0.71994	0.79862	2.49608	0.04651	4.21888	0.69605	0.01228	1.23526
2.00000	0.69945	0.97175	0.26095	0.95000	2.60853	2.52634	0.01000	1.98631	0.00000	9.11083	0.01000	0.01672	0.56590
0.69529	0.62620	1.01039	0.56335	0.21447	1.07084	1.86367	0.95119	7.21617	0.00534	7.32494	0.08153	0.01291	1.29274
0.96824	0.75770	0.97548	0.33344	0.43858	1.17618	2.45629	0.91432	3.32035	0.01111	2.83842	0.29855	0.00262	0.46836
1.54673	0.51075	1.03434	0.27425	0.24538	0.61857	1.45343	0.97845	3.97266	0.00957	7.12384	0.01279	0.00380	1.36481
1.29721	0.61957	0.97986	0.64854	0.27600	1.15401	1.11042	0.74149	5.92387	0.02087	2.32461	0.52669	0.00351	0.97195
1.27878	1.56930	1.00520	0.39248	0.82468	1.62752	0.99480	0.78574	7.89224	0.00425	5.81166	0.10549	0.00172	0.41211
0.84185	0.88174	1.01390	0.26819	0.49213	1.43108	0.67263	0.69246	4.45147	0.00199	6.55859	1.03127	0.00185	0.37287
1.39674	0.70159	1.00045	0.06452	0.48897	0.53238	2.34005	0.97413	4.25939	0.03052	4.01086	0.03761	0.00275	1.11442
1.30257	0.66452	1.01983	0.29542	0.37980	0.19748	0.39601	0.54193	6.79878	0.01012	1.42809	0.49630	0.00542	1.46770
0.51975	1.07314	1.00621	0.37353	0.34198	0.33444	0.67944	0.98344	2.98756	0.00098	7.66198	0.65785	0.00084	0.33850
1.77441	0.52870	1.01113	0.30073	0.47572	0.92230	2.07875	0.95063	6.48296	0.00657	4.32226	0.40620	0.00200	1.19296
0.77432	2.76236	1.04951	0.36755	0.43631	1.18137	2.17713	0.76322	6.03519	0.01037	8.56566	0.26945	0.00084	0.66648
0.91452	0.67043	0.99296	0.51537	0.93900	2.11771	0.92248	0.47999	1.89511	0.01941	4.71286	0.79098	0.00728	0.22546
0.89593	1.99741	1.02406	0.74136	0.44034	0.58529	0.20360	0.72609	3.42186	0.01618	6.04853	1.35214	0.00625	1.84672
1.04269	1.64864	1.01568	0.66271	0.83944	1.87819	1.67491	0.64351	1.23337	0.00871	5.78687	0.92383	0.00395	1.59219
1.74756	2.00842	1.02285	0.18336	0.64589	1.05435	3.40231	0.96391	1.85254	0.00775	2.42468	0.15267	0.00132	0.33121
1.52362	2.39703	0.97564	0.72810	0.27730	0.19184	1.33747	0.97227	1.20676	0.01591	3.70802	0.76049	0.01272	1.89210
1.51813	1.34626	0.99338	0.71904	0.54624	1.20622	0.40362	0.48315	2.59794	0.00859	3.65171	0.23736	0.00472	1.90149
1.43975	2.62709	1.05000	0.58848	0.38590	0.50668	0.37531	1.00000	6.21649	0.00789	4.21143	1.52992	0.00751	0.64154
0.96708	0.63638	1.00045	0.04053	0.33272	1.17545	1.82530	0.71843	1.18204	0.02539	5.88841	0.33315	0.02643	0.87612
1.36360	0.95250	0.95481	0.36634	0.65578	0.99894	2.05400	0.86417	4.18475	0.00351	4.08453	1.31363	0.00355	0.21422
1.91869	6.43693	1.05000	0.35274	0.63893	3.80380	1.50699	0.75136	1.85244	0.00000	3.16357	1.71433	0.00018	0.57703
1.13889	0.61518	0.99048	0.12739	0.60769	0.41976	1.38574	0.96663	1.30324	0.00537	7.79906	0.41486	0.00546	0.59797
1.81461	3.21456	0.95019	0.34515	0.70408	3.12049	3.28397	0.75257	5.49746	0.00270	3.20987	0.64274	0.00055	0.50643
1.92382	0.52117	0.98336	0.33840	0.70697	1.24089	0.10000	0.57201	2.61386	0.00000	9.60734	0.97461	0.00311	0.54167
1.47772	0.75400	1.02977	0.27534	0.59719	3.51970	0.36879	0.76685	2.54370	0.00896	4.38494	0.38591	0.00138	0.15758
1.61729	0.55193	1.01799	0.14242	0.64931	1.03921	0.49461	0.53281	3.29963	0.01704	4.29193	0.70006	0.00645	1.47899
1.28939	0.92241	1.00443	0.45584	0.52268	4.53294	2.27049	0.91732	1.86651	0.00168	5.53169	0.43762	0.00182	0.18495
1.26877	0.56034	0.98981	0.42216	0.50889	0.28996	0.65548	0.53857	6.10890	0.01320	0.89072	0.21707	0.00458	1.92180
0.70753	1.83827	1.04988	0.20474	0.38323	3.12335	2.09724	0.55761	5.62424	0.00146	6.39497	0.32076	0.00310	0.38359
1.78330	1.50998	0.98683	0.23845	0.64875	0.38755	3.43432	0.80354	2.30619	0.02070	3.24253	0.15828	0.00624	0.72275
1.09179	0.72926	1.01417	0.41342	0.73314	2.64693	3.96328	0.83394	1.03393	0.01092	7.29368	0.28210	0.00619	0.52226
0.73333	0.62236	1.01398	0.39267	0.54362	0.63062	0.56495	0.66324	1.74951	0.02299	9.69593	0.37833	0.00411	0.84929
0.64011	1.15408	0.99214	0.28346	0.34299	3.04815	3.04573	0.74203	2.69612	0.00217	5.65675	0.20582	0.00550	0.37896
0.56752	0.63540	1.02705	0.22797	0.58592	0.53764	1.80422	0.72241	4.26894	0.00046	2.82004	0.38316	0.00607	1.08969
1.15648	0.51341	0.99506	0.27882	0.32927	1.08435	0.59583	0.48159	3.36405	0.02342	6.07658	1.03942	0.01491	0.99104
1.14046	0.59115	1.01502	0.40055	0.68145	1.26869	1.84687	0.83247	2.42413	0.00000	1.99670	1.03326	0.00409	0.44825
1.14893	1.78030	1.02091	0.34871	0.51805	1.49013	2.72328	0.94899	2.62291	0.00271	4.64433	0.04974	0.00216	1.72976
1.00470	0.58429	1.02291	0.60959	0.27943	1.40333	0.91743	0.56775	9.07508	0.00127	1.66771	1.35941	0.00872	1.34677
0.88219	0.54168	0.95934	0.48824	0.61064	0.14553	0.17520	0.71537	3.17647	0.00807	6.57487	1.34909	0.00429	0.19942
1.73505	0.51772	0.99278	0.55804	0.83215	1.12822	0.89102	0.92507	2.09216	0.02119	3.15999	0.72189	0.00471	1.67147
1.40187	1.27747	0.98285	0.47160	0.57370	1.17619	1.06450	0.78560	2.35118	0.00513	9.04592	1.45880	0.01002	1.78442
1.78366	3.55289	1.03204	0.80924	0.82981	3.47885	3.67774	0.93825	2.16281	0.00322	0.91388	1.14533	0.02064	0.87539
1.50949	0.65008	1.01051	0.02056	0.60404	3.16351	3.30419	0.85129	1.85294	0.01853	4.67588	0.06843	0.02079	1.31350
1.65368	1.33481	0.97519	0.18567	0.58545	1.43421	2.01886	0.75540	3.60778	0.00452	3.55280	1.05490	0.00568	0.72031
