% eta1	kappa_k	kappa	sig	lam	mup	sigp	rsmax	n	alpha	alpha1	alpha2	betam1	gamma
1.24079	1.04236	0.99312	0.47007	0.51312	4.18251	6.53800	0.89223	5.24718	0.00003	3.33879	1.80325	0.02253	0.48506
1.57114	1.01089	0.99492	0.81263	0.17379	7.78790	2.23536	0.45383	3.11874	0.00610	1.60512	0.61978	0.00227	0.49677
1.63938	1.04584	0.96602	0.79225	0.28596	5.71213	1.56821	0.49270	1.77544	0.00901	0.93556	0.57721	0.00394	0.86603
1.64623	0.15058	0.99217	0.30258	0.43927	0.67126	1.34038	0.32209	3.57519	0.00249	8.67834	0.78786	0.00373	0.53783
1.42355	0.98180	1.03040	0.82069	0.22229	1.63816	0.28201	0.63679	4.83208	0.01933	7.85691	0.09091	0.01613	0.96380
1.31052	0.98872	1.03721	0.60013	0.59116	6.85923	6.04585	0.60837	1.21277	0.00204	4.66073	0.40623	0.00259	0.45056
1.50371	0.97459	1.04737	0.12752	0.42828	1.04110	3.94052	0.93224	2.11804	0.00118	7.04111	0.85487	0.00076	0.53923
1.67708	1.00101	1.00608	0.58650	0.51252	2.81025	2.81657	0.96492	3.81532	0.00097	4.44614	0.77322	0.00079	0.62098
1.35982	0.10788	0.91103	0.36805	0.46462	1.38554	2.11749	0.98695	2.80937	0.01380	9.15715	1.08069	0.00111	0.51651
1.56184	0.99347	1.00288	0.55991	0.73920	1.47700	4.87503	0.78492	2.33932	0.00191	0.55459	0.90090	0.00170	0.36311
1.59955	1.02092	1.00898	0.05036	0.27398	7.08741	2.79560	0.59107	2.30976	0.00930	2.07659	1.46625	0.00436	0.36536
0.86139	1.00040	0.95585	0.60391	0.77253	8.84843	2.19765	0.67895	9.99957	0.00543	2.71912	0.01672	0.00219	0.56113
1.35626	0.18037	0.99496	0.27706	0.64552	3.90332	8.25955	0.72121	1.42911	0.02037	1.66304	0.70028	0.01023	0.21072
1.04588	1.03238	0.96481	0.86804	0.69725	6.07432	1.84403	0.61211	1.05791	0.00790	1.50284	0.52839	0.00481	0.48648
1.20703	0.15387	0.91841	0.51195	0.77669	1.82205	0.43570	0.68701	8.77577	0.01450	6.67527	0.18683	0.00239	0.32155
0.50128	0.99594	1.00462	0.63877	0.81628	6.86479	9.15408	0.50393	1.51409	0.00259	0.94392	0.40855	0.00174	0.69722
1.66725	0.33220	1.04184	0.36580	0.78208	1.32822	1.35412	0.56380	1.57749	0.01986	8.86332	0.02218	0.00660	0.33435
1.73281	0.99690	0.97991	0.24568	0.43752	1.37231	3.34035	0.71393	1.58233	0.00555	4.83340	1.69963	0.00248	0.31542
1.07822	1.01163	1.01139	0.15384	0.66758	4.70069	7.69554	0.41897	2.90676	0.00444	0.80729	1.83422	0.00193	0.42481
1.96939	0.96389	0.95936	0.70466	0.53380	5.83512	0.59760	0.87880	1.53414	0.00638	1.86652	1.72204	0.00246	0.46860
1.20521	1.00452	0.97538	0.57543	0.69111	0.14980	2.54438	0.90687	6.57185	0.00114	1.31421	1.03574	0.00172	0.74388
1.29783	0.98343	0.98260	0.56450	0.77845	3.52575	2.59548	0.78011	1.81236	0.01175	6.29702	0.67071	0.00515	0.53972
1.71390	0.25510	0.94190	0.23522	0.62856	1.56181	1.88898	0.94591	2.09479	0.00959	5.93974	0.18946	0.00226	0.50818
1.71750	1.01509	0.96797	0.46075	0.53902	0.51507	5.03024	0.96504	1.16817	0.00841	1.38775	1.31604	0.00147	0.50372
0.52251	1.01873	1.01311	0.50234	0.27420	5.79981	4.63415	0.50488	2.61596	0.00364	1.09657	0.41223	0.00108	0.26876
1.51802	0.99769	1.01637	0.87767	0.52508	3.47103	7.15750	0.78383	6.44595	0.00820	0.81878	0.23123	0.00516	0.24677
1.95490	0.17131	0.90994	0.09321	0.85253	6.72626	0.28580	0.24487	1.18672	0.03098	5.89213	0.99448	0.00742	0.22667
1.91937	0.22345	0.99350	0.54501	0.57923	4.65082	3.61499	0.74229	1.51071	0.02023	1.57903	1.80455	0.00891	0.90143
0.76938	0.97434	0.99994	0.47404	0.73605	9.15212	5.07576	0.97610	1.26920	0.00340	7.17548	1.11956	0.00151	0.22850
1.90770	1.03720	1.01213	0.33598	0.56834	8.65231	1.25709	0.62042	3.84735	0.00004	1.21687	0.85610	0.01565	0.53217
0.93366	1.04942	1.04241	0.77899	0.10474	1.64433	3.74256	0.93819	6.99196	0.00901	8.23177	0.37722	0.00571	0.16043
1.95305	1.04675	0.96109	0.75555	0.59913	6.61049	9.69304	0.70147	1.96097	0.00989	3.47856	0.27912	0.01466	0.98907
1.26212	0.22193	0.91663	0.40342	0.51930	1.61574	1.50250	0.80662	1.55039	0.02125	6.20272	0.10848	0.02283	0.49664
1.83648	1.00383	0.98414	0.60494	0.84259	2.58624	7.73437	0.39224	1.83907	0.00731	4.32738	0.07396	0.01173	0.99464
1.98178	0.96355	0.98806	0.57047	0.87097	5.10218	2.60640	0.49893	3.30693	0.00321	1.26679	0.33692	0.00240	0.41263
1.06436	1.04934	0.99626	0.20350	0.35786	0.25709	7.59322	0.64792	3.31805	0.00415	0.83995	1.58684	0.00184	0.15245
0.54763	0.15597	1.04238	0.23514	0.77288	2.82953	0.51231	0.70773	1.90378	0.03268	4.92446	0.56752	0.01740	0.30857
1.25941	0.95877	0.95151	0.18515	0.65808	3.76130	6.61583	0.07564	1.27449	0.00352	1.28004	0.09658	0.00013	0.22030
0.93851	1.01005	1.02297	0.82614	0.38019	0.79746	3.94261	0.13887	3.65572	0.00782	1.34723	0.12588	0.00252	0.24777
0.93210	0.95156	0.96941	0.59265	0.52171	3.45836	4.06256	0.94563	8.00308	0.00010	3.79135	0.99856	0.00074	0.44620
1.59955	0.97483	0.99893	0.62400	0.48486	7.37046	4.55148	0.93898	1.43666	0.00051	9.31901	1.37299	0.00176	0.77607
1.44075	0.98690	1.00628	0.67906	0.23398	3.33218	0.94120	0.77046	5.91303	0.00693	6.93497	0.49410	0.00398	0.69094
0.91883	0.80622	0.92116	0.61894	0.39362	2.89030	9.09338	0.95328	4.55089	0.00069	1.08021	1.39599	0.00064	0.46210
1.28195	0.17696	0.94389	0.58472	0.71402	8.50602	7.75170	0.31530	1.75270	0.04210	9.63002	0.25946	0.01142	0.37744
1.91164	0.51192	0.91673	0.21564	0.91394	0.26448	0.67739	0.55773	1.66238	0.01218	0.97419	1.64981	0.00098	0.94818
1.84322	1.26539	0.95472	0.26407	0.56800	2.12698	1.13764	0.71225	4.58523	0.00165	8.00970	0.51749	0.00044	0.15135
1.51970	0.15229	0.95673	0.23166	0.55599	7.80287	9.13364	0.41340	5.74488	0.00433	0.44823	0.04724	0.00584	0.70445
1.21710	0.96932	0.95025	0.44307	0.41458	0.59066	9.33241	0.13560	2.68435	0.00145	0.71322	1.74818	0.00182	0.89499
1.54403	0.15795	0.91837	0.38532	0.32159	2.93022	9.34082	0.09609	1.61145	0.01574	0.76526	0.62486	0.00433	0.68110
1.69062	0.11377	0.91171	0.56757	0.87532	2.62600	0.69747	0.84600	1.00947	0.03698	2.43221	1.71058	0.01495	0.53420
1.55911	0.15305	1.01035	0.38798	0.59309	2.71852	2.08320	0.85696	4.06614	0.01224	3.42188	0.84960	0.00549	0.59184
0.59340	1.00159	1.01124	0.20958	0.21220	8.09436	3.54645	0.16220	3.13587	0.01181	8.91332	0.58087	0.00969	0.80722
1.07615	1.00645	1.03047	0.55382	0.40071	3.69373	7.02948	0.78925	3.41762	0.00028	3.54411	1.63372	0.01720	0.39036
1.76019	1.01340	0.96156	0.39210	0.69690	1.08763	7.98875	0.90855	1.60882	0.00501	2.38076	0.03202	0.00272	0.38137
1.92933	1.04812	0.97239	0.39181	0.66177	2.47813	4.13565	0.92023	5.27288	0.00106	4.96900	0.57088	0.00010	0.18809
1.65539	0.99809	0.96465	0.35166	0.13754	3.14198	6.68004	0.85225	1.32400	0.00221	4.49730	0.29389	0.00092	0.24823
1.97020	1.00649	0.97703	0.61963	0.75941	5.77872	1.38306	0.81228	2.68566	0.00610	0.88884	0.24846	0.00158	0.27328
1.70935	0.99388	1.02940	0.34290	0.21978	6.30494	9.08081	0.62456	2.35642	0.00345	5.04288	0.10282	0.00146	0.15637
1.86935	0.12331	1.06085	0.67887	0.69737	1.86640	0.57017	0.84050	1.86326	0.01159	7.25046	0.58287	0.00625	0.38735
1.86578	0.97908	0.99561	0.14068	0.28875	6.15546	7.72470	0.77340	2.31315	0.00476	2.48678	0.76604	0.00206	0.16457
0.81170	0.23761	0.90312	0.21931	0.71339	0.43093	2.27380	0.32885	1.03218	0.00746	4.10123	0.26630	0.00267	0.77289
0.50901	1.00457	0.97628	0.12615	0.62638	3.46306	0.48628	0.84020	4.37658	0.00493	5.18024	0.41704	0.00015	0.36390
1.78632	1.02588	0.96378	0.14849	0.35351	5.65019	5.93025	0.68807	4.87713	0.00600	2.64891	0.84532	0.00252	0.21947
0.74382	1.03986	0.95052	0.11319	0.55474	1.53602	2.72632	0.86943	6.66904	0.00443	2.47765	0.33174	0.00094	0.24743
0.53832	0.58222	1.01738	0.14836	0.39354	9.89262	9.30906	0.26281	1.33289	0.03414	5.00969	0.31431	0.00667	0.56383
1.43706	0.27536	0.96379	0.41321	0.37215	2.88833	5.12017	0.54353	1.83514	0.00092	8.64137	1.63578	0.00194	0.76651
1.92671	1.02467	0.97689	0.40624	0.38433	8.04688	0.36246	0.75145	1.75559	0.00482	1.59606	0.42009	0.00380	0.39189
1.43697	1.04892	0.97973	0.61810	0.57435	2.00744	0.96538	0.88772	1.37262	0.00676	4.57971	0.30994	0.00087	0.84430
1.29879	0.48265	1.03304	0.55497	0.27160	1.52500	1.96806	0.92663	3.42246	0.00259	7.20288	1.98378	0.00309	0.41586
1.76223	1.02532	0.95351	0.16720	0.56258	8.60089	5.29230	0.88978	2.55313	0.00502	3.84706	1.48151	0.00247	0.14250
0.67729	0.97979	0.99655	0.25927	0.72485	6.17993	0.76248	0.33385	3.18232	0.00824	7.71229	0.45838	0.00131	0.20912
0.92232	1.00902	0.96720	0.47621	0.23778	3.07200	4.02024	0.65101	1.58316	0.00829	9.20272	1.11299	0.00565	0.76021
0.71316	0.18287	0.92037	0.45548	0.36606	2.02336	9.37496	0.82914	1.47443	0.01196	6.45862	0.01994	0.00330	0.27821
1.56537	0.16936	1.02055	0.30163	0.91147	5.21915	4.47447	0.82607	2.43207	0.02047	8.82204	0.03957	0.00627	0.19163
0.86200	0.97919	1.00076	0.37381	0.69425	9.15520	5.46263	0.54162	2.60059	0.00044	7.33092	0.77673	0.00014	0.14005
0.84670	0.98605	0.95153	0.79457	0.65778	1.99860	1.06361	0.87698	2.49068	0.00863	6.86251	1.18679	0.00196	0.79933
1.08127	0.95174	1.02046	0.33711	0.11232	0.95133	3.53034	0.49361	1.75464	0.00883	1.32310	0.32511	0.00515	0.66842
1.28827	1.03986	1.00648	0.34952	0.19317	1.17166	4.02111	0.80118	2.26754	0.00161	4.08498	0.93481	0.00178	0.44806
0.61101	0.15775	1.08432	0.76680	0.33487	7.60311	1.68449	0.21807	1.59727	0.00280	7.37609	0.87874	0.01550	0.63322
1.81130	0.27893	0.93027	0.92803	0.72178	3.17996	1.20077	0.66253	1.04346	0.01483	4.60036	0.98202	0.00152	0.83643
0.78733	0.96435	0.95494	0.83305	0.10766	3.82496	2.47239	0.90301	2.34593	0.00770	4.21691	1.85828	0.00518	0.99080
1.64741	0.23411	1.00381	0.67240	0.66811	4.02384	7.30338	0.42435	2.11076	0.00221	1.20268	0.05572	0.00169	0.72636
1.73552	0.95414	0.95313	0.32166	0.15990	3.26684	4.40997	0.57075	1.26013	0.00277	2.76622	0.23554	0.00255	0.51401
1.49920	0.98333	0.97478	0.67757	0.52614	3.29090	1.66841	0.90424	1.17045	0.00492	5.06941	0.75215	0.00155	0.67329
0.61762	0.96352	0.97891	0.21839	0.22375	0.97288	4.97780	0.83141	1.07844	0.00597	7.59459	0.26019	0.00195	0.47059
0.85952	1.03679	1.02164	0.53999	0.54467	2.82908	2.41254	0.85231	4.28055	0.00021	2.54451	1.25582	0.00051	0.44709
0.73526	0.73419	0.93088	0.74246	0.33750	3.33978	3.80612	0.66460	1.75292	0.00412	7.15249	0.18613	0.00395	0.96254
0.60755	1.00127	0.96231	0.66455	0.02582	6.45469	2.02388	0.82743	1.31238	0.00386	8.81131	0.69294	0.00205	0.91117
1.48858	1.91362	0.90323	0.52940	0.31777	2.22922	3.95594	0.58682	4.65108	0.01003	4.03726	0.25242	0.00184	0.76537
1.67265	0.98689	0.97852	0.56895	0.54836	0.31161	6.04677	0.79895	2.25296	0.00134	3.94101	0.25703	0.00128	0.60484
1.58375	0.64046	0.94933	0.18748	0.57941	5.03755	3.63785	0.30325	3.05536	0.00324	2.16009	0.32763	0.00081	0.37281
1.05578	0.13124	1.04597	0.32277	0.70990	0.46973	1.91252	0.91579	1.96746	0.04025	7.09474	0.22809	0.02845	0.46286
0.77495	0.97112	0.96269	0.38952	0.25610	9.27176	0.60735	0.63753	6.49964	0.00105	2.00773	1.35093	0.00066	0.17442
1.76986	1.01189	0.99113	0.55128	0.49126	2.10304	2.14002	0.61894	1.99573	0.00020	6.77850	1.48259	0.00100	0.86231
0.95743	0.32991	0.93579	0.29799	0.57606	1.77068	0.52825	0.82404	4.77021	0.00342	7.31579	0.40053	0.00023	0.78188
0.94357	0.15027	0.99847	0.35438	0.30581	2.50959	3.56590	0.71774	1.78862	0.00964	3.91927	0.58808	0.00719	0.78016
1.78839	1.04606	0.98375	0.45960	0.33586	2.20915	1.51970	0.95743	2.18212	0.00130	5.95810	1.28721	0.00079	0.93735
1.43890	0.39300	0.93064	0.48145	0.32293	5.18450	8.43587	0.38147	1.31939	0.00289	3.64552	1.93486	0.00757	0.87617
1.84299	0.95072	1.00099	0.44526	0.52776	3.24646	5.88193	0.90234	6.78398	0.00709	3.91373	1.63551	0.00216	0.39077
1.57649	0.12183	0.90556	0.21754	0.73767	2.63133	0.25034	0.63899	1.51251	0.04901	3.46681	0.87615	0.01590	0.53229
1.40994	1.00369	1.01096	0.47326	0.66272	2.07302	7.41506	0.95391	4.06909	0.00180	1.95040	1.56104	0.00110	0.17016
1.85375	0.98212	0.97952	0.25764	0.56014	8.46513	0.39400	0.70373	1.64043	0.00060	1.85691	0.40594	0.00061	0.31528
1.27544	1.01768	1.01319	0.19725	0.42063	0.81654	1.66903	0.68115	1.30185	0.00362	2.86165	1.85338	0.00095	0.28992
1.20572	0.95301	1.00234	0.49033	0.48335	2.61896	1.48775	0.57611	3.77156	0.00900	5.87629	0.42029	0.00467	0.14644
0.99288	0.10558	1.05413	0.70809	0.61357	3.92283	2.45243	0.91655	2.45109	0.01069	4.73537	1.63446	0.00711	0.20647
1.17690	0.95156	1.03326	0.27962	0.40353	1.61730	0.39033	0.77730	2.19971	0.00355	5.55157	0.02850	0.00043	0.28310
1.18878	1.01644	0.95954	0.26319	0.56403	7.68883	3.68390	0.43477	1.72567	0.00582	1.05326	1.13601	0.00086	0.50264
1.19448	0.13595	1.00981	0.51178	0.13365	0.19605	0.63517	0.61703	1.05603	0.01229	3.15409	0.37388	0.00226	0.45478
1.18317	0.96668	1.04894	0.74332	0.35543	2.29808	1.46147	0.94053	8.57157	0.00056	4.01100	1.90640	0.00150	0.64236
1.45823	1.00693	1.01044	0.33111	0.42893	0.34325	3.54679	0.62743	3.06458	0.00385	3.50580	0.03755	0.00544	0.60184
1.58791	0.97609	0.98038	0.39810	0.76165	1.68503	1.41942	0.72692	1.56140	0.00641	2.33650	1.07050	0.00561	0.85893
1.79884	1.01524	1.00168	0.15114	0.81129	0.82256	2.73730	0.34794	1.39893	0.00165	1.25064	1.36985	0.00357	0.41873
1.86258	1.03066	0.96094	0.18993	0.54525	0.61087	1.87193	0.88025	4.41756	0.00315	4.62997	0.39424	0.00324	0.18524
0.84440	0.99398	1.01049	0.39035	0.62902	9.16224	7.90920	0.51502	1.04625	0.00408	0.89151	0.38520	0.00141	0.54463
1.34321	0.11516	0.94268	0.14633	0.64441	2.44924	9.05135	0.44777	1.72400	0.03067	1.49885	0.14345	0.01056	0.29009
1.91873	1.02020	1.00433	0.73189	0.58720	4.35085	6.53405	0.26571	1.66657	0.00039	2.26575	1.09872	0.00197	0.40970
1.32208	0.96480	0.97348	0.46122	0.58372	3.15136	7.02692	0.76032	2.04570	0.00081	0.72112	1.99945	0.00009	0.22584
1.09176	0.10465	0.93880	0.46876	0.48336	1.81483	1.84049	0.55540	1.43937	0.01807	4.26910	0.79368	0.00225	0.33046
1.99150	0.89667	0.96272	0.92221	0.04959	6.22151	5.55608	0.97203	1.16250	0.00154	2.40910	1.42666	0.00032	0.85190
1.40281	0.15006	1.00224	0.50014	0.49162	0.30596	0.15384	0.87650	6.48538	0.00278	3.92578	1.70130	0.00080	0.45068
0.70056	1.02239	0.95228	0.55356	0.52164	3.28199	8.35647	0.70635	9.83072	0.00410	1.27224	1.11845	0.00337	0.22723
1.33194	0.98766	1.02485	0.78606	0.36303	0.70813	4.05608	0.67050	1.76620	0.00041	4.61088	0.04023	0.00619	0.70602
0.77524	0.97414	1.02965	0.25943	0.37286	7.85450	6.10415	0.50491	4.50746	0.00059	3.00093	1.68479	0.00811	0.40783
1.74572	1.01133	1.04976	0.36988	0.59743	4.40157	7.07131	0.71551	3.17556	0.00048	9.00479	0.86158	0.00036	0.39376
1.38976	0.97767	1.00063	0.52635	0.62317	2.66856	1.39680	0.73467	7.14552	0.01000	1.15989	1.69148	0.00834	0.83978
1.24848	1.03502	0.96217	0.12320	0.68313	8.70810	8.56417	0.27147	1.25332	0.01374	1.03624	0.95550	0.02267	0.97591
1.85126	1.01992	0.99375	0.44948	0.19720	3.83823	5.12839	0.89516	1.84545	0.00010	2.30806	1.03004	0.00000	0.18864
1.68666	1.01588	1.01545	0.83562	0.65578	8.62298	5.94864	0.83706	1.15822	0.00011	3.05848	0.45820	0.00077	0.36192
1.63018	0.36627	1.01767	0.64209	0.92046	1.92394	9.79634	0.25142	1.54520	0.00169	3.95104	0.55897	0.00335	0.94647
1.45616	0.97787	0.99278	0.44935	0.56707	3.07089	1.42358	0.75268	1.61658	0.00534	2.63279	1.98875	0.00202	0.80297
1.59818	0.13045	1.04199	0.53427	0.46438	1.75502	1.30576	0.35118	1.97225	0.04368	4.81775	0.19244	0.02933	0.26525
1.55023	0.28907	0.90520	0.36757	0.47674	0.66686	5.29948	0.61143	2.58590	0.01254	1.56440	0.54627	0.00451	0.65164
1.45268	0.55037	0.99498	0.59812	0.91159	9.49298	4.91633	0.94321	1.23923	0.00365	1.97509	0.63206	0.00133	0.70729
1.39858	0.99091	1.00665	0.66019	0.64694	3.93846	2.51729	0.61182	4.38976	0.00030	3.70443	0.83676	0.00590	0.87688
0.85344	0.98423	0.96824	0.48628	0.32759	6.92278	9.20965	0.25866	1.91543	0.00540	0.78438	0.07054	0.00312	0.74648
0.77973	0.97432	1.04688	0.39450	0.16479	1.86493	4.46459	0.57834	3.53455	0.00667	6.37850	1.49783	0.00429	0.33803
1.02736	1.04457	0.98757	0.43213	0.43720	1.94494	8.38902	0.30734	2.72325	0.00320	6.15704	0.02933	0.00163	0.18072
0.58242	0.98319	0.95255	0.45074	0.50990	8.38155	6.57169	0.82620	2.96497	0.00547	8.24560	1.69192	0.00324	0.10284
1.68590	0.97504	1.00216	0.61864	0.30237	6.42748	6.34757	0.28844	5.17836	0.00448	1.13690	0.01474	0.00334	0.34394
1.28740	0.18245	1.03468	0.51387	0.76027	4.10864	1.37571	0.47269	1.11860	0.00551	0.82274	0.65711	0.00424	0.45337
1.70663	0.15961	1.06419	0.79550	0.79333	6.85928	2.16784	0.66573	1.48924	0.00158	4.58475	0.43550	0.01185	0.96535
1.97154	1.04476	1.01757	0.58582	0.81178	2.92306	4.27487	0.87715	2.44512	0.00018	1.19465	0.29894	0.00218	0.57718
1.52487	0.97854	0.97740	0.24682	0.29629	7.33118	3.49725	0.44732	5.50010	0.00621	0.91152	1.61844	0.00401	0.43926
0.57618	0.62591	0.93591	0.40775	0.58885	3.39806	4.39405	0.55245	1.52523	0.02278	7.62877	1.52029	0.00778	0.48124
1.78693	0.98346	1.01923	0.52115	0.16707	2.37786	6.65073	0.78268	1.87980	0.00085	1.92131	0.22060	0.00097	0.33707
0.95278	0.19591	0.92033	0.10366	0.51410	1.31291	1.08680	0.69811	2.37996	0.02949	8.46670	0.68587	0.00663	0.37383
0.93360	0.98335	0.95018	0.19586	0.57899	4.51896	3.04700	0.95139	2.57511	0.00082	2.94321	0.18476	0.00027	0.27956
1.87667	0.16181	0.98830	0.68801	0.38384	3.45891	5.20135	0.39870	2.50948	0.00885	0.57948	0.05313	0.00349	0.68548
1.17882	0.51940	0.96416	0.27062	0.59041	2.27548	6.56287	0.92192	5.51416	0.00100	1.56672	0.84801	0.00045	0.24173
1.27109	1.01696	1.00191	0.65896	0.74498	4.91503	0.17301	0.96522	4.45042	0.00052	2.75787	1.13022	0.00912	0.50794
1.11241	0.98647	0.97909	0.46808	0.68189	6.15941	4.54217	0.74868	1.43713	0.00002	8.11711	1.06297	0.00052	0.19477
0.91554	0.98608	1.00493	0.53997	0.22602	5.42945	2.92506	0.91189	1.38856	0.00349	6.42566	0.30012	0.00304	0.17997
0.88575	0.47545	0.97385	0.49486	0.77906	3.78730	4.02588	0.91243	1.02068	0.00872	7.50150	0.17751	0.00255	0.98673
1.43265	0.95985	0.96461	0.50494	0.56830	2.92995	2.99566	0.65223	1.01173	0.00705	4.01543	1.85564	0.00223	0.14018
1.67041	1.04737	1.01096	0.54212	0.64753	1.75985	0.90253	0.43351	1.77768	0.00325	9.61781	0.67702	0.00385	0.52871
