% eta1	kappa_k	kappa	sig	lam	mup	sigp	rsmax	n	alpha	alpha1	alpha2	betam1	gamma
1.85467	0.96269	1.01474	0.93480	0.33152	3.36388	4.75692	0.11493	1.72713	0.01462	6.02771	0.90279	0.00600	1.50733
1.43776	0.76890	1.04377	0.05818	0.09813	3.82960	3.48913	0.56592	9.01162	0.00196	0.57056	0.53702	0.01300	1.03180
1.18482	0.90832	0.95948	0.39622	0.25651	0.53134	0.31729	0.83032	1.34169	0.02207	7.21645	0.27051	0.00689	0.27808
1.83220	0.64270	0.96889	0.52442	0.34084	0.78391	1.17783	0.79777	2.70953	0.02072	4.01914	0.74981	0.00587	1.39598
2.00000	0.88392	0.95000	0.28079	0.64575	0.76984	1.15309	0.86978	2.59228	0.00000	7.11756	0.93560	0.00074	0.42127
0.92164	3.02904	1.00043	0.21303	0.22709	2.24087	2.04925	0.91933	2.48731	0.00432	5.84051	1.14389	0.00934	0.31902
1.91869	6.43693	1.05000	0.35274	0.63893	3.80380	1.50699	0.75136	1.85244	0.00000	3.16357	1.71433	0.00018	0.57703
1.87597	0.84286	1.01045	0.38127	0.62690	1.35207	0.43455	0.46173	2.13186	0.00537	1.36710	0.52485	0.00254	1.91364
0.50095	0.60679	1.00337	0.12798	0.53200	0.58074	2.22358	0.74720	1.76486	0.00625	6.58732	1.58161	0.00638	0.43669
0.79307	0.62209	1.03589	0.20199	0.19839	2.37102	1.81193	0.69755	1.81754	0.01209	3.65776	1.32335	0.02050	0.17995
0.50683	6.22206	0.98491	0.30120	0.28675	0.73014	0.26319	0.30533	4.21594	0.00433	5.59279	0.35792	0.00289	0.17184
1.84985	0.63640	1.01050	0.25798	0.23170	4.88853	0.63520	0.73300	2.28025	0.00071	6.97285	0.29498	0.04238	0.79990
1.77441	0.52870	1.01113	0.30073	0.47572	0.92230	2.07875	0.95063	6.48296	0.00657	4.32226	0.40620	0.00200	1.19296
0.91359	0.51226	1.03105	0.18269	0.11035	0.92609	1.77082	0.51556	5.27021	0.00026	0.65053	0.21923	0.01554	1.13172
1.32934	1.26228	1.01582	0.09138	0.33536	0.22355	1.80483	0.62452	6.66731	0.00277	2.86824	1.34162	0.00217	0.14317
2.00000	2.60616	1.03041	0.29909	0.22864	3.98055	1.31395	0.75234	1.46796	0.00000	3.92653	1.43222	0.00010	0.25177
1.73505	0.51772	0.99278	0.55804	0.83215	1.12822	0.89102	0.92507	2.09216	0.02119	3.15999	0.72189	0.00471	1.67147
1.51813	1.34626	0.99338	0.71904	0.54624	1.20622	0.40362	0.48315	2.59794	0.00859	3.65171	0.23736	0.00472	1.90149
1.52813	1.39721	0.99062	0.36854	0.44309	2.19779	2.09428	0.93637	3.72944	0.00127	2.25034	1.11343	0.01750	0.30089
1.13889	0.61518	0.99048	0.12739	0.60769	0.41976	1.38574	0.96663	1.30324	0.00537	7.79906	0.41486	0.00546	0.59797
1.03146	0.65787	0.99273	0.40315	0.34237	1.51818	0.71395	0.67869	6.36515	0.00083	7.81053	0.85749	0.00358	0.60659
1.14046	0.59115	1.01502	0.40055	0.68145	1.26869	1.84687	0.83247	2.42413	0.00000	1.99670	1.03326	0.00409	0.44825
1.78330	1.50998	0.98683	0.23845	0.64875	0.38755	3.43432	0.80354	2.30619	0.02070	3.24253	0.15828	0.00624	0.72275
1.04269	1.64864	1.01568	0.66271	0.83944	1.87819	1.67491	0.64351	1.23337	0.00871	5.78687	0.92383	0.00395	1.59219
1.02218	0.53228	1.00735	0.47113	0.33422	3.31429	1.86985	0.78166	5.06118	0.00004	2.49885	1.98218	0.00208	0.20570
2.00000	0.50000	1.05000	0.23455	0.24524	5.00000	0.34453	0.83741	2.28580	0.00000	1.75410	0.63280	0.02094	0.16360
1.92382	0.52117	0.98336	0.33840	0.70697	1.24089	0.10000	0.57201	2.61386	0.00000	9.60734	0.97461	0.00311	0.54167
1.39192	1.51206	0.98398	0.51017	0.41474	1.33200	2.82711	0.88837	1.70159	0.02039	7.13684	1.09715	0.00479	1.48719
1.45319	1.05204	1.00329	0.09924	0.16637	2.33408	1.66755	0.76886	2.83541	0.00412	6.88947	1.12955	0.01478	0.20013
0.58959	2.07048	0.99575	0.21670	0.11901	2.07613	0.95873	0.78564	1.71416	0.00163	9.64158	1.97257	0.00732	0.14945
1.95097	0.52527	0.95999	0.36661	0.87746	1.66263	1.84176	0.59774	1.87702	0.03010	5.40610	0.12757	0.01643	0.76642
1.47884	5.31451	0.97662	0.38642	0.74854	2.44189	0.31409	0.63779	1.19847	0.00735	4.02587	1.33620	0.00592	1.37672
0.96824	0.75770	0.97548	0.33344	0.43858	1.17618	2.45629	0.91432	3.32035	0.01111	2.83842	0.29855	0.00262	0.46836
1.40438	0.53470	1.02811	0.33760	0.16709	1.29508	0.74086	0.75713	2.43790	0.00945	7.52768	1.93935	0.00202	1.70848
0.64011	1.15408	0.99214	0.28346	0.34299	3.04815	3.04573	0.74203	2.69612	0.00217	5.65675	0.20582	0.00550	0.37896
1.29721	0.61957	0.97986	0.64854	0.27600	1.15401	1.11042	0.74149	5.92387	0.02087	2.32461	0.52669	0.00351	0.97195
1.28154	0.52560	0.98259	0.44533	0.77898	0.82919	1.03618	0.97575	5.60466	0.01200	5.17971	1.67705	0.00437	1.87799
1.26157	0.95759	0.98767	0.37836	0.02918	1.06860	1.91258	0.88380	1.46582	0.00056	2.75975	0.81162	0.00647	0.56520
1.81461	3.21456	0.95019	0.34515	0.70408	3.12049	3.28397	0.75257	5.49746	0.00270	3.20987	0.64274	0.00055	0.50643
0.88219	0.54168	0.95934	0.48824	0.61064	0.14553	0.17520	0.71537	3.17647	0.00807	6.57487	1.34909	0.00429	0.19942
2.00000	2.53681	1.02059	0.25375	0.35654	1.56705	1.34395	0.40619	1.58434	0.00000	1.21986	0.59318	0.00124	0.46390
1.85102	0.51840	1.00848	0.30155	0.32459	4.58918	3.11715	0.13981	3.02126	0.01096	3.08880	0.65523	0.00446	0.19258
1.26877	0.56034	0.98981	0.42216	0.50889	0.28996	0.65548	0.53857	6.10890	0.01320	0.89072	0.21707	0.00458	1.92180
0.83667	0.71367	1.00470	0.27567	0.41369	0.34325	1.09241	0.71492	3.50801	0.01868	5.69370	0.24491	0.00947	0.90992
1.08194	1.69077	0.99881	0.34402	0.46976	0.71628	1.54736	0.55024	1.71822	0.00819	7.86428	1.35663	0.00774	1.32245
1.00354	0.57434	0.97424	0.40131	0.15050	1.29179	1.32094	0.95334	8.32970	0.00310	6.85823	1.74851	0.02097	0.74309
1.22145	2.49962	0.99306	0.48037	0.46236	2.89694	2.55583	0.71368	2.98570	0.00054	0.68378	2.00000	0.03148	0.89810
0.69529	0.62620	1.01039	0.56335	0.21447	1.07084	1.86367	0.95119	7.21617	0.00534	7.32494	0.08153	0.01291	1.29274
1.46246	2.04880	0.96423	0.41657	0.40390	1.85700	1.45716	0.34796	1.46246	0.01419	6.42577	0.28158	0.00458	1.72841
1.65699	1.34359	1.03388	0.28292	0.58625	1.32892	0.82704	0.24756	1.52583	0.02214	2.52708	1.38027	0.01034	1.46752
1.02208	0.62941	0.98042	0.66780	0.28812	0.23308	1.83321	0.61947	2.69744	0.00254	0.76698	0.44164	0.00888	0.23578
0.67040	0.70299	0.95545	0.32397	0.23517	0.40712	2.13620	0.72663	1.97769	0.02552	6.06534	1.00022	0.00903	1.28674
2.00000	0.87637	1.05000	0.13777	0.15088	1.00336	3.23672	0.93207	2.37222	0.00000	2.81161	0.01194	0.00874	0.21892
2.00000	0.50000	0.95000	0.20603	0.15383	1.89386	2.88821	1.00000	5.74649	0.00000	2.75160	0.01000	0.01450	0.45013
1.09179	0.72926	1.01417	0.41342	0.73314	2.64693	3.96328	0.83394	1.03393	0.01092	7.29368	0.28210	0.00619	0.52226
1.52362	2.39703	0.97564	0.72810	0.27730	0.19184	1.33747	0.97227	1.20676	0.01591	3.70802	0.76049	0.01272	1.89210
1.59104	1.12032	1.00973	0.30118	0.08591	2.73228	3.61190	0.97361	2.94121	0.00040	1.84496	1.26801	0.01414	0.73753
1.17575	1.46779	0.99262	0.20988	0.41994	1.61504	1.30267	0.68228	6.15344	0.00679	4.99507	0.11549	0.03171	0.16951
1.28123	2.28021	0.95689	0.13376	0.14010	0.37993	4.31673	0.96188	4.98881	0.00127	3.13625	0.15782	0.00969	0.22368
1.65368	1.33481	0.97519	0.18567	0.58545	1.43421	2.01886	0.75540	3.60778	0.00452	3.55280	1.05490	0.00568	0.72031
1.28170	6.26941	0.99338	0.17668	0.35705	4.31808	2.38309	0.80498	1.23776	0.00122	5.66747	0.14648	0.00873	0.17941
1.73438	2.05812	1.04987	0.41628	0.48054	0.63651	0.26492	0.37501	2.10749	0.00308	4.62182	0.70549	0.02183	1.49520
1.02172	0.63314	1.01520	0.90140	0.91754	1.21111	0.16169	0.95540	8.00569	0.01311	3.61573	0.79713	0.00785	1.01368
0.77432	2.76236	1.04951	0.36755	0.43631	1.18137	2.17713	0.76322	6.03519	0.01037	8.56566	0.26945	0.00084	0.66648
0.70753	1.83827	1.04988	0.20474	0.38323	3.12335	2.09724	0.55761	5.62424	0.00146	6.39497	0.32076	0.00310	0.38359
0.51975	1.07314	1.00621	0.37353	0.34198	0.33444	0.67944	0.98344	2.98756	0.00098	7.66198	0.65785	0.00084	0.33850
0.87932	1.43248	1.05000	0.40596	0.37356	0.34526	0.59728	0.79928	6.70992	0.00000	2.86819	0.01273	0.00126	0.61139
0.73333	0.62236	1.01398	0.39267	0.54362	0.63062	0.56495	0.66324	1.74951	0.02299	9.69593	0.37833	0.00411	0.84929
1.17310	0.68120	0.99600	0.90420	0.62706	1.16231	0.42091	0.85077	8.18975	0.01455	4.95304	1.48994	0.01764	0.88950
1.79258	1.09779	0.99254	0.25278	0.19446	1.59515	2.05827	0.94752	6.40599	0.00054	3.59687	1.58404	0.01101	0.25738
0.80119	1.98620	1.00016	0.27547	0.32943	2.66803	1.74702	0.71490	1.01379	0.00232	9.87744	0.02395	0.00069	0.19034
1.59586	0.72225	0.99986	0.15986	0.19936	3.47492	1.47987	0.69793	2.67985	0.01032	4.22914	0.01744	0.02778	0.16912
0.92163	0.97362	1.03646	0.61226	0.51646	0.66910	1.56134	0.90220	5.37779	0.00764	1.60808	0.29290	0.03293	1.66042
1.73988	2.41933	1.01505	0.37420	0.53129	3.61761	1.61125	0.69918	1.33992	0.00895	4.72326	1.44757	0.00317	0.66058
1.16699	0.87580	1.03890	0.08335	0.10838	1.66080	2.59058	0.93483	3.48966	0.00093	9.54867	0.52343	0.01042	0.17610
2.00000	0.69945	0.97175	0.26095	0.95000	2.60853	2.52634	0.01000	1.98631	0.00000	9.11083	0.01000	0.01672	0.56590
1.07819	0.57783	1.00915	0.17093	0.32038	2.28242	0.75427	0.59570	2.48676	0.01089	5.01731	0.63760	0.02976	0.11716
0.84185	0.88174	1.01390	0.26819	0.49213	1.43108	0.67263	0.69246	4.45147	0.00199	6.55859	1.03127	0.00185	0.37287
1.17767	0.56801	1.02964	0.31776	0.55495	1.67432	3.47182	0.82912	1.38398	0.01426	1.90303	0.23365	0.00202	1.05106
1.83675	0.69567	0.99959	0.30720	0.40429	0.51561	0.14052	0.96166	4.49882	0.02101	5.97100	0.40456	0.01229	0.20904
0.96708	0.63638	1.00045	0.04053	0.33272	1.17545	1.82530	0.71843	1.18204	0.02539	5.88841	0.33315	0.02643	0.87612
2.00000	1.57994	1.05000	0.30705	0.40241	1.23886	0.82647	0.59658	1.84981	0.00006	2.08195	1.06596	0.00067	0.26100
0.72200	0.50000	1.05000	0.17970	0.07450	0.58626	4.03744	1.00000	2.23605	0.00000	1.86041	0.01000	0.01761	0.48251
1.61729	0.55193	1.01799	0.14242	0.64931	1.03921	0.49461	0.53281	3.29963	0.01704	4.29193	0.70006	0.00645	1.47899
1.78366	3.55289	1.03204	0.80924	0.82981	3.47885	3.67774	0.93825	2.16281	0.00322	0.91388	1.14533	0.02064	0.87539
0.72136	1.17431	1.03695	0.17766	0.18836	4.63751	2.93550	0.86703	1.36916	0.00000	3.08719	1.16782	0.04977	0.23369
1.26734	2.67818	1.04474	0.38976	0.32560	0.38657	0.51746	0.99330	6.53593	0.00238	9.96606	0.33619	0.02018	0.20636
0.91452	0.67043	0.99296	0.51537	0.93900	2.11771	0.92248	0.47999	1.89511	0.01941	4.71286	0.79098	0.00728	0.22546
1.30523	0.95473	0.98920	0.18234	0.35953	0.63814	1.33299	0.76257	5.20905	0.00261	4.28267	0.95493	0.00487	0.34663
1.08979	0.52590	0.98178	0.29439	0.78261	1.79490	0.71994	0.79862	2.49608	0.04651	4.21888	0.69605	0.01228	1.23526
1.15648	0.51341	0.99506	0.27882	0.32927	1.08435	0.59583	0.48159	3.36405	0.02342	6.07658	1.03942	0.01491	0.99104
1.94263	1.30299	1.01956	0.31496	0.82530	1.27787	1.96792	0.43897	1.85207	0.02663	1.90859	0.22442	0.00676	0.44749
0.98212	0.50770	1.01406	0.48082	0.53537	2.58153	2.87524	0.88748	4.12170	0.00065	0.62328	0.79399	0.04405	1.98429
1.14893	1.78030	1.02091	0.34871	0.51805	1.49013	2.72328	0.94899	2.62291	0.00271	4.64433	0.04974	0.00216	1.72976
1.95959	1.09013	0.95000	0.02000	0.27265	3.14738	4.63012	1.00000	9.20609	0.02443	9.31478	0.29575	0.05000	0.37499
1.54673	0.51075	1.03434	0.27425	0.24538	0.61857	1.45343	0.97845	3.97266	0.00957	7.12384	0.01279	0.00380	1.36481
2.00000	0.50000	0.95925	0.21335	0.35039	3.57828	2.55030	1.00000	3.36542	0.00000	5.16281	0.17918	0.00044	0.19906
1.51819	1.49418	1.03124	0.27646	0.20430	3.99034	1.96031	0.69381	4.82702	0.00302	1.44360	0.68662	0.01810	0.25811
