% eta1	kappa_k	kappa	sig	lam	mup	sigp	rsmax	n	alpha	alpha1	alpha2	betam1	gamma
0.86764	5.35541	0.99576	0.27399	0.85096	4.24929	4.64015	0.67891	2.33701	0.00318	3.71372	0.07078	0.00441	0.85111
1.12162	1.41120	0.95396	0.49300	0.17025	0.12367	0.96745	0.87296	1.86962	0.00207	8.63085	0.78397	0.00229	1.62312
1.07334	0.51592	1.04498	0.18482	0.24935	3.63674	3.36884	0.67157	5.08198	0.00527	2.32308	0.96931	0.03738	0.18040
1.53376	0.52829	0.99104	0.22865	0.66558	3.70566	1.40844	0.51435	5.61389	0.02470	4.46387	0.33828	0.00715	0.26729
1.67245	0.56338	0.97100	0.65020	0.32116	1.11073	1.01267	0.98957	3.74881	0.02214	3.86296	1.08286	0.02080	0.32168
1.16838	0.73678	1.02518	0.08700	0.23723	3.50942	4.40043	0.86413	3.31474	0.01091	2.43309	0.52226	0.01520	0.25770
1.75618	1.51231	1.03440	0.25753	0.36569	1.63651	0.77794	0.73450	1.37458	0.00330	3.69125	0.26005	0.01281	0.14695
1.58732	0.56408	1.00253	0.03625	0.14778	1.92856	3.39036	0.91220	2.08030	0.00943	1.54031	0.35659	0.02604	1.10885
1.62623	0.82558	1.03804	0.29623	0.60116	4.86255	2.74859	0.87965	1.21938	0.01173	3.34024	0.34823	0.00217	0.18740
1.49654	1.62323	1.01904	0.89529	0.58508	4.43475	1.99639	0.34846	2.68106	0.00736	0.95184	0.46402	0.00415	0.21040
0.51056	1.35851	0.98773	0.06362	0.39490	3.78820	1.06497	0.73644	2.10306	0.00333	2.59421	0.83891	0.04545	0.25420
1.13138	0.70060	1.00915	0.55145	0.35062	1.90948	1.49978	0.92914	3.11341	0.00176	1.82667	0.78587	0.01462	0.30033
0.88048	0.65808	1.03423	0.35575	0.09645	0.70103	2.89824	0.61207	1.00559	0.01423	3.98822	0.52462	0.01202	0.28256
1.84665	1.62723	1.02044	0.55780	0.34711	0.38441	2.53177	0.93500	1.60548	0.00157	1.85364	1.26761	0.01146	0.12921
1.82286	0.86223	0.96894	0.44042	0.70812	1.96662	2.00664	0.86101	5.22718	0.00091	1.26644	0.38968	0.00305	0.27438
1.57718	3.28458	0.97568	0.48426	0.61512	4.39709	3.94141	0.77028	7.78050	0.00039	1.82861	0.67786	0.00775	0.16741
0.72260	2.02132	1.03854	0.19699	0.22341	4.96740	4.92055	0.99170	2.90027	0.00270	5.39629	0.22553	0.00930	0.21790
0.76472	0.64896	1.01750	0.22023	0.28184	2.71224	1.60361	0.39609	2.52239	0.00381	1.05011	1.24048	0.03348	0.14207
0.86152	0.80168	0.97655	0.23440	0.52943	2.56676	2.62842	0.53149	2.13094	0.00177	1.42695	1.16972	0.03097	0.20200
1.60781	5.37488	1.01078	0.38690	0.55024	0.63724	4.90880	0.87318	2.23787	0.00179	2.14558	0.36896	0.01854	0.20577
1.62284	0.80425	1.03594	0.29273	0.42007	2.56340	1.75331	0.70048	2.31511	0.00230	5.26271	0.72772	0.04427	1.24271
0.67543	0.65338	0.97631	0.60949	0.44672	2.60638	2.51887	0.78354	2.19188	0.00136	1.53905	0.59963	0.03357	0.31202
1.26251	0.76590	0.95664	0.31006	0.28207	3.50370	2.58456	0.86599	5.86965	0.00571	6.79582	1.89669	0.01364	0.30023
1.90821	0.58049	1.04931	0.28453	0.32085	1.30439	1.01085	0.64332	8.86229	0.01274	1.20151	1.22073	0.03669	0.87175
1.35742	3.88066	0.98903	0.17056	0.30521	3.66833	2.35251	0.19544	6.64668	0.00138	1.24373	1.82450	0.01604	0.11139
0.50952	3.07558	1.03054	0.75563	0.43292	0.17444	0.11550	0.82340	5.71219	0.00705	1.44405	1.82560	0.03907	0.82690
0.63714	0.52735	1.02541	0.36593	0.49147	2.06072	4.76160	0.37925	1.12510	0.03450	7.39779	0.13789	0.00726	1.38780
0.60727	0.81744	0.96959	0.74805	0.29482	1.58376	1.39118	0.99438	2.32546	0.00129	4.95436	1.18357	0.00242	0.23179
1.04002	0.73758	0.99381	0.35511	0.08491	3.72836	2.46759	0.52919	4.41064	0.00096	1.10550	0.33143	0.02983	0.27384
0.70808	0.92385	1.00032	0.24388	0.38002	2.74065	2.77799	0.90202	1.34452	0.00699	2.06073	1.54606	0.01059	0.21662
1.08571	1.81429	1.02764	0.29119	0.25493	2.12820	4.39781	0.99859	2.63931	0.00391	5.11105	0.08298	0.01585	0.33968
1.50222	1.61985	1.04667	0.10620	0.23516	1.83234	3.72429	0.63506	2.82849	0.00047	0.65202	1.43082	0.01923	0.22873
1.60324	0.64473	1.00361	0.24641	0.09142	2.60873	1.63921	0.73862	4.86438	0.00597	1.97426	1.39582	0.02819	1.21779
0.93059	1.96556	1.04069	0.18144	0.15378	1.78994	0.90044	0.61919	4.84470	0.00369	3.47648	0.22535	0.00675	0.20190
0.83028	0.74489	0.95774	0.67197	0.32154	1.14258	0.48092	0.64425	2.04928	0.00698	1.89336	0.10140	0.02804	1.62083
1.22703	0.72236	1.02232	0.10435	0.21017	1.81331	3.62596	0.78618	2.46314	0.00664	1.54231	0.32564	0.00577	1.80429
1.70583	1.96439	0.95891	0.68925	0.27721	4.99317	1.81183	0.89774	3.50590	0.00340	2.07308	1.92729	0.04265	0.59771
1.24186	2.81082	1.04288	0.38114	0.60286	3.04207	1.56985	0.51321	1.75422	0.00151	0.50549	0.88613	0.00782	0.56395
0.90291	0.68087	0.99487	0.29756	0.19458	4.17857	3.75354	0.68638	2.72533	0.00421	0.88818	1.52778	0.03441	0.66920
0.76366	0.99464	0.97977	0.91265	0.72428	2.24342	2.20536	0.49675	3.44760	0.00273	0.59339	0.01855	0.01416	1.85015
0.50819	0.54805	0.97269	0.38556	0.29572	1.65594	1.61967	0.67212	5.79913	0.00416	1.40388	0.94940	0.01847	0.28615
1.74691	0.53826	0.99114	0.56011	0.15889	2.19480	0.89300	0.77400	6.00632	0.01310	3.27828	0.63414	0.03535	0.64459
1.29204	1.58962	1.02903	0.25535	0.61803	4.40528	3.04268	0.79538	3.47352	0.00871	0.68931	1.19727	0.04611	0.53273
1.78141	0.94547	1.04849	0.32183	0.12603	3.23582	0.34120	0.55912	2.00581	0.01126	2.63487	0.14851	0.02693	0.32464
1.46582	0.56178	1.04274	0.08607	0.31696	4.23749	4.94899	0.47936	8.00795	0.01544	0.61594	0.07094	0.03705	0.91686
1.76807	0.67795	0.98827	0.69633	0.16440	0.47636	1.51530	0.94676	2.57661	0.01395	0.60480	1.39073	0.02594	1.88670
1.29971	0.55273	0.97731	0.49496	0.54703	0.43542	0.20424	0.57040	3.70307	0.01119	0.85068	0.82968	0.02871	0.73844
1.28820	0.57528	1.02597	0.29600	0.25407	3.48517	2.28939	0.81461	7.22915	0.02050	1.38124	0.08394	0.03374	1.27069
0.89004	1.07009	1.01032	0.87042	0.72485	2.13051	4.19978	0.99681	2.14092	0.00907	0.71753	0.68399	0.03505	1.01764
1.85164	8.06759	0.97788	0.37152	0.08372	3.95688	4.65849	0.81777	6.14359	0.00070	2.40790	0.86926	0.00211	0.42885
1.78186	6.83441	0.99722	0.08226	0.82884	1.86004	2.58204	0.51998	2.26468	0.00221	0.78569	1.28971	0.00133	0.25544
1.81257	0.95506	0.99843	0.79143	0.41256	1.21424	0.46060	0.76453	3.69188	0.03009	4.21611	0.99262	0.03117	0.19445
1.68462	0.55557	1.02170	0.23469	0.17361	0.66103	1.47196	0.86844	1.93218	0.03395	2.53378	0.75521	0.01981	0.83381
1.05371	0.54094	1.03298	0.46773	0.54840	2.41490	3.80166	0.43074	1.29757	0.02309	7.54237	0.98804	0.01251	0.31937
1.30670	0.77134	0.98176	0.43496	0.93604	1.24265	1.19233	0.78909	1.94659	0.01112	7.70173	1.09954	0.00716	0.25823
1.74153	2.84581	0.96208	0.27946	0.04235	3.61427	4.70746	0.31881	1.74514	0.00058	2.95891	1.71361	0.04205	0.71901
0.84434	1.05997	1.01053	0.45324	0.24489	1.46486	2.79247	0.32958	1.75601	0.02912	2.40839	0.62819	0.01290	0.20721
1.31337	0.93144	1.00364	0.06397	0.39276	2.36921	1.13967	0.74281	3.13964	0.01706	9.52982	0.16453	0.00271	0.22839
0.70526	0.80771	1.04538	0.15852	0.25075	1.70557	1.59857	0.86500	3.34822	0.00650	7.54269	0.19883	0.00654	0.27058
0.92296	2.66971	1.03648	0.37604	0.04605	0.94362	1.19884	0.68365	1.44654	0.00723	9.70236	0.65292	0.03386	0.18662
1.35432	1.46141	1.03347	0.49574	0.47230	4.04300	2.43624	0.84910	1.85429	0.00653	4.18975	0.67527	0.03515	0.19580
