% ar	lrr	srr	alr	sdr	smr
2.87213	0.36112	0.03316	0.11427	3.35979	1.09930
1.09091	0.47500	0.06908	0.23130	0.97222	1.62520
2.50000	0.38756	0.02147	0.00000	1.66667	1.26346
2.00000	0.23185	0.04692	0.14297	1.51515	0.80426
1.10976	0.37993	0.03277	0.16226	2.47222	2.40288
2.18182	0.47720	0.03381	0.23429	2.08333	1.18398
2.66667	0.37230	0.01742	0.00000	7.12982	1.37074
3.22222	0.50973	0.03901	0.60514	5.34737	1.02457
2.93160	0.12257	0.01642	0.05456	2.08333	0.50540
2.00000	0.45595	0.02458	0.00000	2.75000	1.48098
1.99125	0.69368	0.15290	0.14806	0.59055	0.71532
2.00000	0.45949	0.05014	0.19996	1.66667	1.01726
3.00000	0.26227	0.20246	0.70123	1.33333	0.31306
1.97826	0.37993	0.01838	0.16226	2.47222	1.58265
2.00000	0.42024	0.01735	0.00000	2.22222	1.60813
2.87213	0.46489	0.06092	0.14711	2.35450	0.94929
3.22222	0.37402	0.01008	0.08945	8.02105	1.52396
2.00000	0.44862	0.03727	0.00000	1.11111	1.19276
1.63636	0.34942	0.02475	0.08578	2.08333	1.45629
2.00000	0.20729	0.00409	0.00216	3.45578	1.04694
1.50000	0.21758	0.10811	0.17014	1.06061	0.64754
2.57825	0.18065	0.00910	0.00000	6.34815	0.79631
2.00000	0.14601	0.03890	0.09624	1.32812	0.74146
1.50000	0.29754	0.13339	0.61628	1.94444	0.75874
2.50000	0.40676	0.02239	0.09999	1.66667	1.22437
1.09091	0.64994	0.04962	0.11868	1.38889	2.49880
1.63636	0.78019	0.05527	0.38305	2.08333	1.51980
1.00000	0.29760	0.13657	0.12377	0.86142	0.76450
1.49836	0.37675	0.01222	0.10354	5.83333	2.21340
3.00000	0.26227	0.11910	0.70123	1.33333	0.44375
2.87213	0.36329	0.06620	0.11496	1.69312	0.76282
2.87213	0.36329	0.06620	0.11496	1.69312	0.76282
3.22222	0.50973	0.03901	0.15123	5.34737	1.16487
2.87213	0.46489	0.06092	0.14711	2.35450	0.94929
1.10976	0.31570	0.05446	0.26966	2.47222	1.81765
1.50000	0.39863	0.02195	0.10004	1.66667	1.76182
6.22150	0.12155	0.01628	0.09479	2.08333	0.31572
3.22222	0.36454	0.00983	0.26208	8.02105	1.42510
3.22222	0.39456	0.02712	0.28366	5.34737	1.14592
2.00000	0.14601	0.03890	0.19249	1.32812	0.83741
3.00000	0.26227	0.11910	0.70123	1.33333	0.44375
1.99125	0.26268	0.05645	0.15009	1.05263	0.66684
3.22222	0.25172	0.01064	0.28366	8.02105	1.10202
2.00000	0.42151	0.03343	0.00000	1.83333	1.20505
1.09091	0.50742	0.05165	0.00000	1.38889	2.02155
1.50000	0.22380	0.19459	0.35000	0.60606	0.51908
2.87213	0.36112	0.03316	0.07126	3.35979	1.09309
1.09091	0.48746	0.04962	0.23736	1.38889	1.94146
1.09091	0.53480	0.02722	0.26042	2.77778	2.53102
2.50000	0.47946	0.05863	0.19988	0.83333	0.85669
1.09091	0.47111	0.03337	0.11565	2.08333	2.30326
2.87213	0.36112	0.03316	0.11427	3.35979	1.09930
1.09091	0.51984	0.05292	0.12657	1.38889	1.97787
2.00000	0.45152	0.01791	0.00000	3.66667	1.66957
2.00000	0.47946	0.02931	0.19988	1.66667	1.29327
2.00000	0.25462	0.02078	0.00000	1.66667	0.93988
1.50000	0.29754	0.13339	0.25678	1.94444	0.75261
2.00000	0.35329	0.12544	0.20759	0.78652	0.49800
1.63636	0.47111	0.07152	0.00000	0.97222	1.02204
3.22222	0.37402	0.01008	0.08945	8.02105	1.52396
3.22222	0.36454	0.02506	0.26208	5.34737	1.13921
3.22222	0.19393	0.00819	0.07270	8.02105	1.00833
1.50000	0.40558	0.01675	0.09993	2.22222	1.93209
