% eta1	kappa_k	kappa	sig	lam	mup	sigp	rsmax	n	alpha	alpha1	alpha2	betam1	gamma
1.32262	0.98609	0.97148	0.25900	0.41542	6.29834	5.27064	0.88216	1.66667	0.01047	8.00886	1.53954	0.00546	0.22727
0.60650	0.17457	0.95964	0.25119	0.27245	6.49749	9.70851	0.79198	3.62246	0.00369	1.88417	0.45611	0.00597	0.16732
1.59814	0.10166	0.91349	0.64248	0.07366	2.78321	5.66314	0.35610	2.40128	0.03775	0.53213	0.08284	0.02740	0.27824
0.70377	0.95625	0.98987	0.44672	0.46848	8.17948	5.57484	0.81876	5.21786	0.00185	9.35129	0.11674	0.00169	0.12534
1.02826	1.04470	1.03054	0.50109	0.14907	5.70773	3.33599	0.91685	1.75265	0.00028	4.68469	0.58674	0.01710	0.11906
1.67974	0.10921	0.94236	0.27692	0.22347	2.49604	1.45925	0.79977	4.52589	0.00894	9.08801	0.44356	0.01656	0.57666
1.32243	1.02012	1.01349	0.24959	0.41185	4.05016	1.45897	0.98207	5.08729	0.00106	6.96556	0.49902	0.00108	0.16349
0.92769	0.98555	1.01328	0.72090	0.30017	2.23056	2.89169	0.94118	7.04934	0.00109	3.45574	1.73282	0.00314	0.76636
1.32993	0.10883	0.98876	0.24845	0.73154	5.74679	7.13692	0.62969	1.08303	0.00411	2.88840	0.41580	0.00284	0.58119
0.89865	0.13699	1.06260	0.27082	0.36905	7.36389	4.85750	0.76154	1.76016	0.01937	4.52054	0.81288	0.02148	0.23725
0.94496	0.10006	0.95915	0.25237	0.77758	0.84375	4.83774	0.96253	1.68283	0.01360	7.50184	0.19398	0.00567	0.18746
0.58482	0.23582	0.92848	0.26415	0.28976	9.99537	7.39644	0.87914	3.21839	0.00212	2.59160	0.26863	0.03963	0.15668
1.56575	1.01458	1.01247	0.87506	0.79348	3.00345	5.72888	0.40308	1.40892	0.00005	4.59881	0.54732	0.00236	0.56364
1.50609	1.02372	1.03797	0.49804	0.28865	8.42252	3.58989	0.91529	3.51672	0.00021	3.78014	0.53802	0.00915	0.14790
1.68427	0.72044	1.09827	0.32219	0.13729	4.99055	3.38992	0.81279	5.10329	0.00028	2.51595	1.13554	0.00421	0.49769
0.62542	0.98510	0.95264	0.52881	0.61360	9.49612	4.61040	0.82915	1.53207	0.00353	3.15118	1.18020	0.00281	0.26211
0.65109	1.00327	0.96007	0.17231	0.41579	2.13396	7.92966	0.78697	5.34413	0.00148	1.89491	0.32710	0.03528	0.33563
1.83121	0.20941	0.98211	0.37834	0.26647	7.25091	4.57044	0.86662	6.67923	0.00091	2.27929	0.65153	0.00800	0.28743
1.88729	0.27269	0.95990	0.23961	0.18451	5.88939	4.24090	0.76536	4.03980	0.00144	1.37998	1.69940	0.00581	0.34375
1.21421	0.64831	1.04455	0.43010	0.34459	9.22237	6.52241	0.65688	4.92042	0.00029	4.21417	0.21736	0.00725	0.17605
1.70988	0.95412	0.96495	0.39220	0.68476	4.19265	7.69600	0.70974	5.41630	0.00014	0.37079	1.20421	0.00191	0.77128
1.97994	0.22603	1.03795	0.25585	0.23232	1.14994	4.81072	0.87917	1.02770	0.00363	6.59385	0.76731	0.00146	0.17790
1.51933	0.95080	0.99072	0.51368	0.76303	6.60951	2.61056	0.61627	3.43228	0.00468	4.25754	0.78291	0.00107	0.14699
1.01524	1.03380	0.99492	0.54706	0.55657	5.81903	1.87260	0.71053	3.79960	0.00062	4.63689	0.58162	0.00187	0.30260
1.83711	0.22240	1.05452	0.48619	0.27605	1.94139	1.37944	0.93211	4.71336	0.00196	4.09802	1.88961	0.02355	0.10698
1.31262	0.10005	1.09127	0.21590	0.19199	3.39920	1.76637	0.56649	4.48454	0.00265	3.38289	0.01177	0.01195	0.20357
0.92834	1.55309	1.09480	0.88449	0.72444	4.45933	8.04121	0.98315	3.33653	0.00005	0.82753	1.10427	0.00267	0.34392
1.56411	0.16830	0.99670	0.32211	0.42120	3.85812	5.22296	0.54357	5.66071	0.00803	1.53792	0.69383	0.00236	0.26113
1.00724	1.00105	1.02291	0.30745	0.65728	6.12977	4.72220	0.61160	3.13938	0.00492	0.74499	0.44515	0.00517	0.12009
1.61209	1.02354	1.02061	0.85735	0.47309	1.61035	1.01051	0.83311	3.63350	0.00001	8.26300	1.18661	0.00447	0.83815
1.57739	0.98418	0.98677	0.31637	0.68064	7.96691	5.99999	0.97690	4.03432	0.00805	8.77983	0.50598	0.00519	0.23740
1.92044	0.95984	0.95509	0.35895	0.61487	0.68481	7.65665	0.48348	2.22208	0.01249	3.08948	1.68242	0.01001	0.21716
1.88961	1.02557	1.03602	0.55839	0.77943	1.67103	0.88153	0.81130	7.64114	0.00090	4.25399	1.06721	0.01446	0.26918
1.36248	1.04712	0.98950	0.55935	0.74681	2.23941	0.27529	0.58960	5.60757	0.00936	5.08324	0.43872	0.00805	0.33704
1.36964	1.04074	1.03847	0.41200	0.46342	3.73803	3.40645	0.97388	1.70162	0.00022	7.19829	0.41536	0.01226	0.10170
1.75520	0.24533	1.04407	0.59316	0.66311	6.21207	6.22250	0.88940	1.88825	0.00088	0.61402	1.58099	0.01093	0.17094
1.44740	0.10750	0.90766	0.56612	0.88750	1.10262	9.17813	0.78095	1.25603	0.01461	5.18965	1.22965	0.00242	0.30682
1.55320	0.95098	1.01780	0.29440	0.35765	4.30977	1.63113	0.88044	1.94661	0.00606	2.72855	0.57491	0.02773	0.50434
0.77204	1.02121	0.98726	0.77496	0.08219	2.56125	1.68810	0.75650	1.52146	0.00310	9.22684	1.39541	0.01155	0.52129
1.73030	0.98933	0.96153	0.89534	0.45337	0.22924	4.92689	0.55873	4.83560	0.00209	0.57808	0.11607	0.00103	0.28397
1.18044	0.96249	0.97926	0.29951	0.28592	1.32147	2.48867	0.21488	1.07888	0.00152	1.14768	0.47441	0.01001	0.93483
1.27349	0.11079	1.05148	0.72772	0.09200	8.19421	4.10477	0.48296	1.17585	0.04023	6.78757	0.61826	0.02999	0.30723
0.85649	1.02856	0.95499	0.50485	0.07814	2.51970	0.96188	0.61142	1.50168	0.01146	3.56349	0.92004	0.00721	0.79672
1.08468	0.19960	1.03334	0.31393	0.69902	1.47572	1.65636	0.73480	2.91366	0.00217	3.46793	0.37516	0.02351	0.11314
1.05289	0.54694	1.03233	0.49030	0.17779	6.23443	1.33023	0.42776	5.59667	0.00142	2.27929	0.23012	0.00927	0.25557
1.37855	0.98430	1.03969	0.21401	0.39772	9.45684	2.28677	0.94819	2.64078	0.00030	4.60690	1.63726	0.00205	0.16637
1.15818	0.96600	0.96985	0.44042	0.64897	8.90164	0.73160	0.82300	3.51998	0.00160	1.80366	1.54802	0.00044	0.33705
1.25040	0.12530	1.00640	0.20927	0.37140	5.30446	4.56896	0.67221	4.17902	0.00336	0.97158	1.46806	0.01095	0.58097
1.40048	0.86204	1.08579	0.39451	0.54297	8.61662	8.54510	0.92718	6.54685	0.00050	1.26098	1.55032	0.00276	0.45607
1.38096	0.22343	0.95958	0.40134	0.56195	4.29985	1.44300	0.56278	3.48998	0.00970	2.68620	1.39313	0.00192	0.25656
1.75131	0.23065	0.98507	0.32713	0.27666	1.95829	8.47757	0.49874	2.39794	0.00823	0.34927	1.01821	0.03296	0.87251
1.66786	1.02390	0.95299	0.41210	0.94948	3.09800	3.07427	0.27311	1.95754	0.01159	1.58601	0.48438	0.00926	0.17299
1.81532	0.12176	0.94397	0.54377	0.27752	2.88956	1.22646	0.71168	4.57892	0.00184	2.98724	0.34827	0.00673	0.55305
1.31099	0.31019	1.07246	0.57104	0.48879	8.80370	5.08025	0.93906	5.54111	0.00115	7.88585	0.15947	0.00837	0.19107
1.53480	0.10518	1.01916	0.28661	0.35447	6.71282	8.29401	0.97430	2.28318	0.01085	1.49062	0.80323	0.01017	0.71125
1.93362	0.10455	1.00632	0.43053	0.26906	5.45295	2.63971	0.75525	1.32161	0.00188	2.55989	0.84379	0.01943	0.18660
1.13113	0.96664	1.03310	0.53757	0.85757	2.25579	2.43855	0.70305	4.29654	0.00009	0.72696	0.88834	0.00190	0.16313
0.91181	0.17059	1.02653	0.56201	0.13259	9.36919	6.47968	0.85685	1.03287	0.00357	5.41097	0.83735	0.01547	0.11437
1.13653	0.12018	0.95353	0.43457	0.21464	5.85408	5.47523	0.80854	6.19107	0.00272	1.52277	0.77134	0.01233	0.21946
1.63721	1.04514	1.02432	0.29802	0.31607	1.35021	2.93299	0.96463	5.72250	0.00002	2.69922	0.98388	0.01947	0.42678
1.16722	1.01195	1.03430	0.58202	0.17769	1.73968	1.64928	0.87454	1.74790	0.00066	3.36411	0.17070	0.00334	0.66093
0.96349	1.04395	0.95346	0.36636	0.54193	2.58927	1.13438	0.44782	4.80632	0.00307	1.41119	0.50660	0.00181	0.36215
1.75823	0.50991	1.07916	0.55416	0.69950	7.57828	1.92168	0.99949	1.32733	0.00059	2.01455	0.30740	0.01577	0.20838
