% ar	lrr	srr	alr	sdr	smr
0.91667	0.64994	0.04344	0.11868	0.72000	1.05311
0.91667	0.49891	0.04394	0.12147	0.36000	1.03148
0.66703	0.16021	0.00808	0.05737	0.30236	0.50529
0.91667	0.47414	0.04454	0.23278	0.48000	0.96950
0.50000	0.25462	0.01461	0.00000	0.60000	0.49298
0.40000	0.38756	0.01485	0.00000	0.60000	0.66731
0.61111	0.46080	0.04391	0.00000	0.48000	0.76940
0.61111	0.47262	0.04446	0.11602	0.48000	0.83664
0.50000	0.23049	0.00283	0.00240	0.28937	0.56103
0.91667	0.51803	0.00000	0.25225	10.00000	1.25804
0.91667	0.51623	0.04470	0.00000	0.36000	1.03969
0.61111	0.78019	0.05713	0.38305	0.48000	0.88483
0.50000	0.19083	0.00262	0.00206	0.28937	0.50593
0.61111	0.71930	0.05485	0.17658	0.48000	0.89347
0.91667	0.47349	0.04281	0.11528	1.02857	0.74456
0.61111	0.34942	0.03823	0.08578	0.48000	0.78839
0.91667	0.53480	0.04550	0.26042	0.36000	1.04840
0.91667	0.51984	0.00000	0.12657	10.00000	1.30778
0.57143	0.42027	0.01462	0.17498	0.45000	0.99222
0.66703	0.08010	0.00808	0.05737	0.50394	0.32326
0.50000	0.41081	0.01519	0.38993	0.55385	0.92438
0.38786	0.18065	0.01599	0.00000	0.15753	0.41111
0.50000	0.45595	0.04408	0.00000	0.36364	0.77836
0.91667	0.47500	0.04288	0.23130	1.02857	0.79126
0.50000	0.45152	0.04303	0.00000	0.27273	0.86989
0.50000	0.41772	0.01533	0.10007	0.60000	0.81841
0.38786	0.18065	0.01599	0.00000	0.15753	0.41111
0.91667	0.47111	0.04439	0.11565	0.48000	0.94280
0.61111	0.47414	0.00000	0.11639	10.00000	1.26814
0.50220	0.26402	0.03736	0.09860	0.95000	0.42686
0.91667	0.50742	0.04432	0.00000	0.72000	0.80742
0.50000	0.24957	0.03376	0.10379	0.63243	0.52406
0.91667	0.32820	0.04365	0.11986	0.72000	0.65770
0.66667	0.46352	0.01624	0.00000	0.60000	0.86356
0.50000	0.48597	0.01861	0.00000	0.45000	0.85286
