% eta1	kappa_k	kappa	sig	lam	mup	sigp	rsmax	n	alpha	alpha1	alpha2	betam1	gamma
1.95097	0.52527	0.95999	0.36661	0.87746	1.66263	1.84176	0.59774	1.87702	0.03010	5.40610	0.12757	0.01643	0.76642
1.15648	0.51341	0.99506	0.27882	0.32927	1.08435	0.59583	0.48159	3.36405	0.02342	6.07658	1.03942	0.01491	0.99104
0.96824	0.75770	0.97548	0.33344	0.43858	1.17618	2.45629	0.91432	3.32035	0.01111	2.83842	0.29855	0.00262	0.46836
1.40187	1.27747	0.98285	0.47160	0.57370	1.17619	1.06450	0.78560	2.35118	0.00513	9.04592	1.45880	0.01002	1.78442
0.87932	1.43248	1.05000	0.40596	0.37356	0.34526	0.59728	0.79928	6.70992	0.00000	2.86819	0.01273	0.00126	0.61139
1.60270	1.36496	0.95107	0.39924	0.43912	1.81697	0.53878	0.38078	2.95358	0.00609	5.57281	0.31201	0.00542	1.42793
1.02172	0.63314	1.01520	0.90140	0.91754	1.21111	0.16169	0.95540	8.00569	0.01311	3.61573	0.79713	0.00785	1.01368
0.67040	0.70299	0.95545	0.32397	0.23517	0.40712	2.13620	0.72663	1.97769	0.02552	6.06534	1.00022	0.00903	1.28674
1.15982	0.81379	0.98808	0.28300	0.39041	1.47902	0.89974	0.54937	2.70698	0.01579	8.03805	1.21790	0.00607	1.47005
1.85467	0.96269	1.01474	0.93480	0.33152	3.36388	4.75692	0.11493	1.72713	0.01462	6.02771	0.90279	0.00600	1.50733
1.47884	5.31451	0.97662	0.38642	0.74854	2.44189	0.31409	0.63779	1.19847	0.00735	4.02587	1.33620	0.00592	1.37672
1.78366	3.55289	1.03204	0.80924	0.82981	3.47885	3.67774	0.93825	2.16281	0.00322	0.91388	1.14533	0.02064	0.87539
0.89593	1.99741	1.02406	0.74136	0.44034	0.58529	0.20360	0.72609	3.42186	0.01618	6.04853	1.35214	0.00625	1.84672
