% ar	lrr	srr	alr	sdr	smr
4.56000	0.08105	0.02882	0.20000	3.12500	0.47855
2.50000	0.13114	0.04582	0.25389	0.97222	0.73611
6.55738	0.11837	0.07809	0.27652	0.88496	0.22979
2.00000	0.41081	0.05307	0.38993	1.00000	0.92872
7.63780	0.10199	0.00844	0.33950	6.04762	0.45183
5.49508	0.19140	0.07359	0.27776	1.33333	0.31530
3.91667	0.15572	0.11950	0.09985	1.32292	0.22303
2.18182	0.31447	0.10570	0.42002	1.25000	0.63982
3.00000	0.36272	0.12277	0.10144	0.48387	0.34315
4.56000	0.08105	0.08646	0.20000	1.04167	0.23453
2.25000	0.40365	0.10725	0.10450	1.51323	0.69031
4.56000	0.32421	0.04323	0.20000	2.08333	0.76092
4.69809	0.15917	0.04547	0.00000	0.89123	0.21796
2.50000	0.13114	0.11054	0.25389	0.97222	0.42379
1.63636	0.49648	0.03517	0.24376	2.08333	1.49949
2.50000	0.17720	0.06191	0.39994	0.97222	0.73215
1.63636	0.35704	0.02529	0.17529	2.08333	1.44882
2.85714	0.35920	0.09246	0.12559	1.69271	0.62444
6.55738	0.12536	0.07885	0.13961	0.88496	0.18522
2.18182	0.16255	0.08371	0.21400	1.04167	0.52392
2.00000	0.06200	0.15337	0.59912	1.17187	0.38897
4.00000	0.27284	0.15335	0.38003	1.38889	0.31767
6.00000	0.34416	0.06131	0.09624	0.86420	0.29775
4.56000	0.32421	0.04323	0.30000	2.08333	0.78689
1.50000	0.12975	0.13970	0.33320	0.96970	0.50471
3.00493	0.16869	0.07108	0.21080	1.35439	0.51042
6.01316	0.26546	0.04042	0.06850	0.93291	0.32500
6.58000	0.15255	0.03744	0.41875	1.47493	0.34159
3.00000	0.19901	0.07594	0.10000	1.52778	0.42467
4.56000	0.08105	0.04323	0.20000	2.08333	0.37977
3.00493	0.16840	0.07188	0.21080	1.33684	0.50631
4.00000	0.18328	0.06227	0.70000	1.60417	0.48987
3.00000	0.37842	0.12808	0.21077	0.48387	0.37332
4.00000	0.17018	0.08639	0.70000	1.33333	0.39950
3.00000	0.21736	0.06894	0.10552	1.51515	0.47661
3.00493	0.16268	0.06944	0.10201	1.33684	0.42998
4.00000	0.18588	0.05414	0.12047	0.82812	0.33729
3.50000	0.40032	0.10048	0.10653	1.42857	0.52516
3.50000	0.39288	0.09861	0.20911	1.42857	0.56068
3.00219	0.21409	0.08002	0.31039	1.78947	0.54525
4.70000	0.41303	0.08776	0.46170	1.91919	0.52352
6.55738	0.11795	0.07931	0.39409	0.88496	0.25190
4.69809	0.13859	0.04387	0.00000	0.84667	0.19799
4.49836	0.27827	0.05739	0.09264	0.79167	0.36082
6.58000	0.21123	0.10875	0.31341	1.11111	0.17053
1.63636	0.46080	0.03264	0.00000	2.08333	1.61706
4.69809	0.13859	0.04387	0.10290	0.84667	0.28552
3.91667	0.12346	0.06224	0.19997	1.32292	0.41009
1.49918	0.16021	0.00999	0.05737	3.30729	1.00783
7.50000	0.72522	0.11557	0.24120	0.99099	0.28911
4.49836	0.33805	0.06971	0.10139	0.79167	0.36058
2.25000	0.30385	0.06060	0.15791	2.01587	0.83622
2.00000	0.09264	0.02190	0.34991	1.81818	0.97622
2.85714	0.37557	0.09667	0.13131	1.69271	0.62603
3.50000	0.38998	0.10164	0.15567	1.37566	0.52977
2.85714	0.39611	0.08082	0.14075	1.25000	0.73476
2.00000	0.23842	0.10557	0.19966	0.91398	0.62467
2.25000	0.34455	0.13744	0.08920	1.00794	0.51293
6.00000	0.29326	0.04107	0.14819	1.00000	0.38358
2.25000	0.31691	0.08420	0.08204	1.51323	0.67396
1.50000	0.28878	0.00000	0.00000	2.00000	2.30349
2.97333	0.30271	0.12022	0.10006	1.11111	0.41343
2.25000	0.32819	0.06546	0.08496	2.01587	0.80617
3.91667	0.12293	0.04813	0.00000	1.32292	0.27548
1.99125	0.72035	0.17202	0.33339	0.52493	0.68114
2.50000	0.29820	0.06484	0.60000	1.66667	0.77092
4.00000	0.29084	0.13792	0.19995	1.11111	0.32020
2.18182	0.28637	0.16597	0.59996	0.86111	0.46736
4.69809	0.16327	0.04387	0.10290	0.84667	0.31592
3.00493	0.29103	0.12422	0.00000	1.33684	0.34018
3.50000	0.38431	0.09646	0.15341	1.42857	0.54397
4.00000	0.17869	0.02857	0.50000	2.66667	0.74816
4.00000	0.23335	0.05971	0.73864	0.95000	0.41217
6.26400	0.26776	0.01751	0.19381	5.35088	0.48876
3.60039	0.00000	0.00000	0.00000	1.25000	0.00000
4.70000	0.39202	0.17869	0.46170	1.33333	0.30439
2.50000	0.13114	0.11054	0.42293	0.97222	0.48267
5.49508	0.18313	0.04428	0.26576	2.22807	0.41515
2.00000	0.16718	0.11289	0.56689	1.31234	0.52876
3.00000	0.26774	0.04855	0.04287	1.12281	0.50411
6.55738	0.10461	0.15315	0.41232	0.81121	0.14960
4.69809	0.15862	0.04387	0.10290	0.84667	0.31020
4.00000	0.23445	0.11054	0.22306	1.95000	0.34281
4.00000	0.16546	0.09921	0.38996	1.53333	0.36631
4.70000	0.39202	0.08776	0.23073	1.91919	0.48658
2.18182	0.29133	0.09180	0.25974	1.33333	0.64866
4.00000	0.31953	0.09037	0.61304	1.25000	0.37617
2.50000	0.13114	0.04582	0.42293	0.97222	0.80039
8.00000	0.43305	0.03016	0.27129	1.32812	0.46337
3.91667	0.13352	0.06831	0.19994	1.98438	0.39616
4.00000	0.44611	0.06497	0.07227	0.82812	0.53178
1.99125	0.34905	0.04937	0.08487	1.40351	0.83681
3.60039	0.00000	0.00000	0.11998	1.25000	0.59586
3.91667	0.15325	0.09394	0.19994	1.65625	0.32962
3.00000	0.35974	0.12176	0.20036	0.48387	0.37378
2.00000	0.16718	0.11289	0.56689	1.31234	0.52876
4.70000	0.32220	0.17869	0.45618	1.33333	0.27337
4.00000	0.22752	0.02783	0.52760	1.75000	0.66824
3.82787	0.35472	0.05462	0.23244	2.30556	0.72960
3.75000	0.72522	0.11557	0.24120	0.99099	0.57057
2.00000	0.23842	0.10557	0.09973	0.91398	0.55989
2.85714	0.43878	0.13183	0.15306	0.83333	0.56356
3.00000	0.21736	0.06894	0.10552	1.51515	0.47661
3.00493	0.16297	0.06867	0.10201	1.35439	0.43383
2.25000	0.30301	0.08051	0.07844	1.51323	0.67066
2.25000	0.30301	0.08051	0.07844	1.51323	0.67066
4.56000	0.32421	0.04323	0.30000	2.08333	0.78689
2.00000	0.41081	0.01999	0.38993	1.80556	1.27489
2.00000	0.06200	0.15337	0.34970	1.17187	0.35343
6.55738	0.10470	0.08380	0.50605	0.88496	0.24638
4.70000	0.26135	0.06701	0.42785	2.66667	0.48527
2.00000	0.09264	0.04073	0.34991	2.00000	0.79893
2.85714	0.31616	0.03225	0.00000	2.50000	1.03237
3.00000	0.19839	0.09253	0.29999	1.25000	0.46631
3.00000	0.08565	0.00530	0.10663	3.77778	0.69394
2.00000	0.09264	0.05925	0.34991	2.00000	0.67782
2.00000	0.14601	0.09329	0.19249	0.91398	0.52222
2.00000	0.49951	0.06108	0.19991	0.83333	0.96807
1.00000	0.16347	0.19037	0.24754	0.61798	0.48998
1.63636	0.47262	0.03348	0.11602	2.08333	1.53631
3.00493	0.29001	0.12220	0.36241	1.35439	0.49120
2.50000	0.17720	0.06191	0.62894	0.97222	0.71036
4.56000	0.08105	0.04323	0.30000	2.08333	0.43786
4.00000	0.20693	0.04168	0.03201	1.85185	0.45290
6.55738	0.10490	0.07474	0.41345	0.88496	0.25882
6.55738	0.11106	0.03446	0.37104	1.91740	0.41066
3.00493	0.16230	0.05357	0.04951	1.33684	0.45659
4.00000	0.14463	0.03544	0.10000	2.02381	0.48658
6.22150	0.11341	0.01519	0.05049	2.08333	0.28018
4.70000	0.39202	0.08776	0.46170	1.91919	0.50804
10.00000	0.34793	0.07308	0.09056	0.66146	0.16183
4.49836	0.33805	0.06971	0.10139	0.79167	0.36058
4.49836	0.28084	0.05792	0.09349	0.79167	0.36102
6.55738	0.10961	0.14472	0.52977	0.81121	0.16569
2.50000	0.17720	0.14937	0.39994	0.97222	0.41986
6.55738	0.12218	0.03547	0.13607	1.91740	0.31909
3.91667	0.12699	0.06402	0.00000	1.32292	0.22169
3.00493	0.16230	0.05357	0.04951	1.33684	0.45659
3.00000	0.19839	0.09253	0.29999	1.25000	0.46631
3.00000	0.35826	0.12126	0.10019	0.48387	0.34299
6.58000	0.15255	0.07854	0.41875	1.11111	0.20921
4.56000	0.08105	0.08646	0.20000	1.04167	0.23453
3.00493	0.28950	0.12357	0.36241	1.33684	0.48702
3.00000	0.34793	0.07308	0.09056	0.66146	0.50163
3.00000	0.19901	0.07594	0.10000	1.52778	0.42467
8.00000	0.44876	0.04706	0.28113	1.33333	0.36800
3.91667	0.17210	0.13207	0.00000	1.32292	0.15683
4.00000	0.11153	0.06497	0.07227	0.82812	0.18475
2.00000	0.24957	0.03159	0.10379	1.58120	0.78562
4.56000	0.08105	0.04323	0.30000	2.08333	0.43786
3.50000	0.41773	0.10888	0.11117	1.37566	0.51192
3.00493	0.23387	0.07719	0.14319	1.33684	0.52201
6.58000	0.15255	0.05183	0.41875	1.04167	0.27964
2.00000	0.14601	0.09329	0.09624	0.91398	0.43886
4.70000	0.39202	0.08935	0.46170	2.66667	0.50219
