% eta1	kappa_k	kappa	sig	lam	mup	sigp	rsmax	n	alpha	alpha1	alpha2	betam1	gamma
1.28123	2.28021	0.95689	0.13376	0.14010	0.37993	4.31673	0.96188	4.98881	0.00127	3.13625	0.15782	0.00969	0.22368
1.34530	1.16790	1.03258	0.14986	0.16566	3.55498	3.59720	0.97884	2.55404	0.00866	1.78774	1.75518	0.01207	0.65964
1.65012	0.97125	1.04770	0.18402	0.18385	1.35156	2.41681	0.79241	3.95050	0.00538	3.55292	1.58535	0.02296	0.11739
0.80119	1.98620	1.00016	0.27547	0.32943	2.66803	1.74702	0.71490	1.01379	0.00232	9.87744	0.02395	0.00069	0.19034
1.79258	1.09779	0.99254	0.25278	0.19446	1.59515	2.05827	0.94752	6.40599	0.00054	3.59687	1.58404	0.01101	0.25738
1.60270	1.36496	0.95107	0.39924	0.43912	1.81697	0.53878	0.38078	2.95358	0.00609	5.57281	0.31201	0.00542	1.42793
1.38656	1.37787	1.04740	0.34278	0.28754	3.43292	1.23968	0.84470	6.35134	0.00455	6.50902	1.96581	0.01251	0.21036
1.02172	0.63314	1.01520	0.90140	0.91754	1.21111	0.16169	0.95540	8.00569	0.01311	3.61573	0.79713	0.00785	1.01368
2.00000	2.60616	1.03041	0.29909	0.22864	3.98055	1.31395	0.75234	1.46796	0.00000	3.92653	1.43222	0.00010	0.25177
1.02208	0.62941	0.98042	0.66780	0.28812	0.23308	1.83321	0.61947	2.69744	0.00254	0.76698	0.44164	0.00888	0.23578
0.91776	0.66761	0.99455	0.19345	0.15896	1.01030	4.90008	0.74250	4.95619	0.00924	1.18723	0.06534	0.01895	0.97659
1.26877	0.56034	0.98981	0.42216	0.50889	0.28996	0.65548	0.53857	6.10890	0.01320	0.89072	0.21707	0.00458	1.92180
1.83220	0.64270	0.96889	0.52442	0.34084	0.78391	1.17783	0.79777	2.70953	0.02072	4.01914	0.74981	0.00587	1.39598
0.96824	0.75770	0.97548	0.33344	0.43858	1.17618	2.45629	0.91432	3.32035	0.01111	2.83842	0.29855	0.00262	0.46836
0.91359	0.51226	1.03105	0.18269	0.11035	0.92609	1.77082	0.51556	5.27021	0.00026	0.65053	0.21923	0.01554	1.13172
1.26157	0.95759	0.98767	0.37836	0.02918	1.06860	1.91258	0.88380	1.46582	0.00056	2.75975	0.81162	0.00647	0.56520
0.77275	0.63017	1.00147	0.07769	0.14622	3.70391	0.80358	0.71451	1.72646	0.01335	3.50164	1.78914	0.04098	0.16973
1.43776	0.76890	1.04377	0.05818	0.09813	3.82960	3.48913	0.56592	9.01162	0.00196	0.57056	0.53702	0.01300	1.03180
0.58959	2.07048	0.99575	0.21670	0.11901	2.07613	0.95873	0.78564	1.71416	0.00163	9.64158	1.97257	0.00732	0.14945
1.95959	1.09013	0.95000	0.02000	0.27265	3.14738	4.63012	1.00000	9.20609	0.02443	9.31478	0.29575	0.05000	0.37499
1.40438	0.53470	1.02811	0.33760	0.16709	1.29508	0.74086	0.75713	2.43790	0.00945	7.52768	1.93935	0.00202	1.70848
1.26734	2.67818	1.04474	0.38976	0.32560	0.38657	0.51746	0.99330	6.53593	0.00238	9.96606	0.33619	0.02018	0.20636
1.77441	0.52870	1.01113	0.30073	0.47572	0.92230	2.07875	0.95063	6.48296	0.00657	4.32226	0.40620	0.00200	1.19296
1.52362	2.39703	0.97564	0.72810	0.27730	0.19184	1.33747	0.97227	1.20676	0.01591	3.70802	0.76049	0.01272	1.89210
0.92164	3.02904	1.00043	0.21303	0.22709	2.24087	2.04925	0.91933	2.48731	0.00432	5.84051	1.14389	0.00934	0.31902
0.72200	0.50000	1.05000	0.17970	0.07450	0.58626	4.03744	1.00000	2.23605	0.00000	1.86041	0.01000	0.01761	0.48251
1.65699	1.34359	1.03388	0.28292	0.58625	1.32892	0.82704	0.24756	1.52583	0.02214	2.52708	1.38027	0.01034	1.46752
1.83675	0.69567	0.99959	0.30720	0.40429	0.51561	0.14052	0.96166	4.49882	0.02101	5.97100	0.40456	0.01229	0.20904
1.06075	1.68937	1.01249	0.49675	0.44077	2.22705	0.94937	0.88454	2.03109	0.00109	8.19249	1.08742	0.01703	0.14313
0.50683	6.22206	0.98491	0.30120	0.28675	0.73014	0.26319	0.30533	4.21594	0.00433	5.59279	0.35792	0.00289	0.17184
1.15982	0.81379	0.98808	0.28300	0.39041	1.47902	0.89974	0.54937	2.70698	0.01579	8.03805	1.21790	0.00607	1.47005
1.00354	0.57434	0.97424	0.40131	0.15050	1.29179	1.32094	0.95334	8.32970	0.00310	6.85823	1.74851	0.02097	0.74309
0.82144	2.38766	1.02061	0.55298	0.21792	1.14634	2.07686	0.85655	3.86123	0.00180	1.67985	1.53255	0.04620	0.39286
0.98212	0.50770	1.01406	0.48082	0.53537	2.58153	2.87524	0.88748	4.12170	0.00065	0.62328	0.79399	0.04405	1.98429
1.43506	1.60363	0.97767	0.36027	0.21146	2.61386	0.12569	0.61397	7.02765	0.00029	3.32307	1.64874	0.00466	0.25450
1.45319	1.05204	1.00329	0.09924	0.16637	2.33408	1.66755	0.76886	2.83541	0.00412	6.88947	1.12955	0.01478	0.20013
1.60200	0.90486	1.01980	0.53467	0.46747	0.12393	0.72363	0.90639	1.61415	0.02960	1.69354	1.33572	0.01857	1.17960
1.28170	6.26941	0.99338	0.17668	0.35705	4.31808	2.38309	0.80498	1.23776	0.00122	5.66747	0.14648	0.00873	0.17941
1.14893	1.78030	1.02091	0.34871	0.51805	1.49013	2.72328	0.94899	2.62291	0.00271	4.64433	0.04974	0.00216	1.72976
1.78366	3.55289	1.03204	0.80924	0.82981	3.47885	3.67774	0.93825	2.16281	0.00322	0.91388	1.14533	0.02064	0.87539
0.51975	1.07314	1.00621	0.37353	0.34198	0.33444	0.67944	0.98344	2.98756	0.00098	7.66198	0.65785	0.00084	0.33850
0.67040	0.70299	0.95545	0.32397	0.23517	0.40712	2.13620	0.72663	1.97769	0.02552	6.06534	1.00022	0.00903	1.28674
1.18482	0.90832	0.95948	0.39622	0.25651	0.53134	0.31729	0.83032	1.34169	0.02207	7.21645	0.27051	0.00689	0.27808
0.72282	0.56051	1.00226	0.18557	0.06267	1.75802	2.00516	0.72127	3.98287	0.00312	2.22492	0.25996	0.01935	0.54725
2.00000	0.72298	1.05000	0.13796	0.06002	1.17785	2.23089	1.00000	1.33460	0.01976	2.84884	0.37312	0.00440	0.19726
0.72136	1.17431	1.03695	0.17766	0.18836	4.63751	2.93550	0.86703	1.36916	0.00000	3.08719	1.16782	0.04977	0.23369
1.29721	0.61957	0.97986	0.64854	0.27600	1.15401	1.11042	0.74149	5.92387	0.02087	2.32461	0.52669	0.00351	0.97195
1.85467	0.96269	1.01474	0.93480	0.33152	3.36388	4.75692	0.11493	1.72713	0.01462	6.02771	0.90279	0.00600	1.50733
1.22145	2.49962	0.99306	0.48037	0.46236	2.89694	2.55583	0.71368	2.98570	0.00054	0.68378	2.00000	0.03148	0.89810
1.21965	0.50000	1.05000	0.17239	0.12868	2.50657	4.94114	0.88617	5.59443	0.00000	1.03192	0.01000	0.01255	0.80994
2.00000	0.50000	0.95000	0.20603	0.15383	1.89386	2.88821	1.00000	5.74649	0.00000	2.75160	0.01000	0.01450	0.45013
1.40187	1.27747	0.98285	0.47160	0.57370	1.17619	1.06450	0.78560	2.35118	0.00513	9.04592	1.45880	0.01002	1.78442
1.46246	2.04880	0.96423	0.41657	0.40390	1.85700	1.45716	0.34796	1.46246	0.01419	6.42577	0.28158	0.00458	1.72841
0.79307	0.62209	1.03589	0.20199	0.19839	2.37102	1.81193	0.69755	1.81754	0.01209	3.65776	1.32335	0.02050	0.17995
