% ar	lrr	srr	alr	sdr	smr
0.16073	0.11341	0.02512	0.05049	0.48000	0.23969
0.61111	0.35704	0.03865	0.17529	0.48000	0.84857
0.50000	0.20729	0.00268	0.00216	0.28937	0.53531
0.26882	0.20527	0.01264	0.33953	2.58000	0.31963
0.26667	0.72522	0.08344	0.24120	1.00909	0.38041
0.61111	0.71930	0.05485	0.17658	0.48000	0.89347
0.12500	0.44876	0.04110	0.28113	0.75000	0.33309
0.15198	0.21123	0.13895	0.31341	1.35600	0.16402
0.50220	0.69368	0.07249	0.14806	1.69333	0.45189
0.50000	0.44862	0.01598	0.00000	0.90000	0.63472
0.38786	0.18065	0.01599	0.00000	0.15753	0.41111
0.50000	0.42024	0.01537	0.00000	0.45000	0.83798
0.22230	0.25711	0.01530	0.08559	1.26316	0.24902
0.91667	0.50742	0.04432	0.00000	0.72000	0.80742
0.50220	0.34905	0.04108	0.08487	0.71250	0.52514
0.50000	0.24957	0.03376	0.10379	0.63243	0.52406
0.16630	0.26546	0.01059	0.06850	1.07191	0.23756
0.15198	0.15255	0.11429	0.41875	1.35600	0.22189
0.91667	0.53480	0.04550	0.26042	0.36000	1.04840
0.18657	0.23496	0.01647	0.00981	1.88571	0.12381
0.25000	0.18588	0.01276	0.06024	0.60472	0.31029
0.50000	0.35621	0.03755	0.18994	1.00000	0.60165
0.22230	0.27827	0.01592	0.09264	1.26316	0.25017
0.15198	0.15255	0.11988	0.41875	0.90000	0.21355
1.00000	0.16347	0.17810	0.24754	1.61818	0.32643
0.66667	0.28878	0.00000	0.00000	10.00000	0.86381
0.26667	0.72522	0.08344	0.35142	1.00909	0.39777
0.15198	0.15255	0.11988	0.20938	0.90000	0.16059
0.50000	0.43195	0.06563	0.00000	0.45000	0.62500
0.91667	0.51623	0.04470	0.00000	0.36000	1.03969
0.50000	0.24182	0.04249	0.73674	1.74545	0.37436
0.15385	0.29889	0.01177	0.05726	0.60000	0.36901
0.61111	0.50326	0.04588	0.12354	1.02857	0.60695
0.66703	0.08010	0.00808	0.05737	0.50394	0.32326
0.21285	0.16327	0.05248	0.10290	1.18110	0.24521
0.50000	0.13709	0.07486	0.20759	0.56190	0.45383
0.16667	0.29326	0.01896	0.14819	1.00000	0.31028
0.91667	0.47349	0.04281	0.11528	1.02857	0.74456
0.22230	0.33805	0.01754	0.10139	1.26316	0.24617
0.25000	0.11153	0.01397	0.07227	1.20755	0.13854
0.33333	0.37842	0.01664	0.21077	2.06667	0.26906
0.21918	0.14721	0.01636	0.00000	0.84906	0.10870
0.66667	0.08881	0.18901	0.14145	1.06800	0.20878
0.33333	0.35974	0.01622	0.20036	2.06667	0.26958
0.15198	0.15255	0.07939	0.41875	0.96000	0.29429
0.91667	0.47500	0.04288	0.23130	1.02857	0.79126
0.91667	0.51803	0.00000	0.25225	10.00000	1.25804
0.21285	0.15862	0.05248	0.10290	1.18110	0.24195
0.15198	0.15255	0.11808	0.41875	0.67800	0.36956
0.15198	0.15255	0.11988	0.41875	0.90000	0.21355
0.66703	0.16021	0.00808	0.05737	0.30236	0.50529
0.50000	0.23577	0.02438	0.40689	0.85714	0.58015
0.50000	0.42151	0.04158	0.00000	0.54545	0.63979
0.50000	0.45152	0.04303	0.00000	0.27273	0.86989
0.22230	0.33805	0.01754	0.10139	1.26316	0.24617
0.25000	0.22752	0.02810	0.52760	0.57143	0.56185
0.50000	0.48597	0.01861	0.00000	0.45000	0.85286
0.50000	0.19083	0.00262	0.00206	0.28937	0.50593
0.50000	0.41772	0.01533	0.10007	0.60000	0.81841
0.25000	0.26710	0.06188	0.13674	0.44444	0.36078
0.50000	0.47946	0.01848	0.19988	0.60000	0.84849
0.25000	0.23335	0.04085	0.73864	1.05263	0.35494
0.45833	0.47720	0.04468	0.23429	0.48000	0.79806
0.12500	0.47328	0.04220	0.29649	0.75000	0.33101
0.25000	0.22305	0.01397	0.07227	1.20755	0.20167
0.61111	0.47111	0.04439	0.00000	1.02857	0.51611
0.45833	0.48346	0.04497	0.11868	0.48000	0.75422
0.50220	0.72035	0.07249	0.33339	1.90500	0.46781
0.21285	0.16327	0.05248	0.10290	1.18110	0.24521
0.91667	0.47414	0.04454	0.23278	0.48000	0.96950
0.38786	0.15178	0.01583	0.00000	0.42520	0.24306
0.40000	0.38756	0.01485	0.00000	0.60000	0.66731
0.50000	0.41081	0.01519	0.38993	0.55385	0.92438
0.16667	0.37518	0.01352	0.10492	1.15714	0.21749
0.50000	0.40764	0.01526	0.00000	0.60000	0.73839
0.13333	0.72522	0.08344	0.24120	1.00909	0.21516
0.66667	0.48783	0.01666	0.09989	1.20000	0.71362
0.33333	0.26774	0.02342	0.04287	0.89062	0.30755
0.22230	0.25711	0.01530	0.08559	1.26316	0.24902
0.50220	0.26402	0.03736	0.09860	0.95000	0.42686
0.16667	0.34416	0.01295	0.09624	1.15714	0.21682
0.40000	0.47946	0.01848	0.19988	1.20000	0.57691
0.91667	0.47111	0.04439	0.11565	0.48000	0.94280
0.18315	0.20652	0.01864	0.00336	1.41176	0.11561
0.15964	0.26776	0.05024	0.19381	0.18689	0.46394
0.57143	0.42027	0.01462	0.17498	0.45000	0.99222
0.50000	0.23049	0.00283	0.00240	0.28937	0.56103
0.33260	0.27707	0.01384	0.07150	2.12222	0.22993
0.25000	0.18588	0.01276	0.12047	1.20755	0.25029
0.22230	0.33805	0.01754	0.10139	1.26316	0.24617
0.50000	0.27313	0.01861	0.23911	0.80000	0.60230
0.22230	0.31474	0.01693	0.09439	1.26316	0.24533
0.91667	0.51984	0.00000	0.12657	10.00000	1.30778
0.18182	0.30430	0.01083	0.05829	0.60000	0.42944
0.38786	0.18065	0.01599	0.00000	0.15753	0.41111
0.50000	0.35329	0.16309	0.20759	1.27143	0.35946
0.50000	0.45949	0.06678	0.19996	0.60000	0.68223
0.91667	0.49891	0.04394	0.12147	0.36000	1.03148
